100
5
1 2 3 4 5
3
3 5 6
2
5 6
2
5 5
15
640846 529061 109790 898215 254637 126789 358028 138012 381073 935464 551470 428355 968320 723491 529565
15
723503 366004 175543 48776 450061 473670 743234 629141 950151 503527 811108 458713 888608 565242 344677
3
269958 723922 988500
15
690592 867586 678181 178584 762263 449624 770986 539084 619636 528125 282796 679276 754539 439237 99217
11
28598 127939 605845 562740 517579 952011 32131 199076 308089 847810 163656
13
833173 171768 22667 505280 207486 610321 612322 17365 452008 588236 117703 99830 673255
13
516025 485774 29438 395115 745143 40112 988686 358678 853063 690981 549623 230353 641987
9
276828 239985 443478 198469 749726 130077 943660 2063 438686
15
386372 82159 10865 689174 12725 422550 752079 747436 479008 445605 940393 400902 199324 671232 567034
6
79810 824129 223796 379586 881277 592228
5
1568 2648 9590 2989 8867
15
5691 8882 461 2641 6449 7227 4039 4826 9215 1089 8106 7263 3766 8041 4758
11
3214 4168 1251 2285 4660 3845 1238 3111 7657 4570 2972
10
2696 4449 1873 8364 4449 7510 220 1941 945 13531
14
1317 148 9213 6412 8935 4978 5102 9762 5203 5872 3464 4234 547 9883
15
5383 2521 7610 9137 4945 9369 9617 6921 3386 3541 5244 5952 884 6249 13131
15
5406 2036 2776 1459 5518 9764 4107 6170 4116 3059 5193 1576 6562 5857 4604
7
6019 4730 9686 5080 6964 6181 400
5
9675 9685 2804 2545 795
13
7462 1940 443 6858 259 5166 7495 3028 3682 3035 5884 9119 12967
12
1559 999 1079 3625 4943 7902 1804 8419 3548 262 3708 10038
14
8501 3432 8193 1082 2586 1229 2433 3356 9703 1477 1082 3644 8894 7983
15
1283 3716 3788 498 899 9511 9156 8212 9629 9504 3396 7796 6596 2315 8847
6
832 9763 2895 9473 6991 4194
4
1227 7802 8256 15089
15
8608 4211 4851 9752 4407 8284 7889 9466 737 3633 850 9129 892 7097 14998
8
8237 1627 8049 4845 426 1847 3910 8753
15
2334 425 8762 6455 7753 9401 244 5667 8975 5132 4498 7914 253 346 7943
4
2368 331 7339 5280
11
3905 7261 2976 4325 1445 4572 5793 6312 2645 6359 7637
11
17 4898 6729 7533 1904 286 9874 752 1076 927 12720
14
7577 2110 5097 8160 9848 2259 3584 6570 6509 830 5726 3430 7999 8627
5
4277 8290 8247 8969 13289
7
4485 5472 4165 1073 4442 2398 61
13
1528 6213 5220 3164 3815 9170 2271 3931 6424 4207 52 9771 92
5
4462 7767 9442 9591 3756
11
462 5204 8679 25 6062 6123 317 879 6800 514 12001
11
5255 4370 4292 3576 9127 2230 8477 7372 9982 6458 12717
6
7794 3024 8127 9093 2815 9063
3
596 2236 2792
3
7843 4069 4422
10
420 4022 5545 9307 5993 2785 14 1949 3265 10554
3
8152 566 7662
15
6497 9234 4927 6684 7621 9767 3116 6644 5611 1755 1863 9453 3116 5194 5244
7
390 8544 2872 6292 7864 3920 8866
8
8829 6254 1712 7935 7521 6161 2551 11995
5
1002 7871 6447 7994 6976
6
2589 62 2577 2 8319 8271
8
4622 152 4168 45 3443 6328 9947 12771
5
2691 8946 431 5798 16248
15
9719 2967 7030 1858 5267 9144 8661 2893 6462 2512 6097 1030 3188 1341 9623
5
6963 9729 1560 2216 5155
10
1134 1964 4405 5182 677 5203 6187 315 1749 4090
8
112 9606 678 6356 4383 634 8984 6458
9
2311 5131 6326 533 6996 9154 4132 642 11679
10
7629 5577 1631 4397 1949 6537 5653 3689 3302 5624
13
9234 3258 4427 7411 3607 3598 7691 3776 6853 5475 4887 7428 13431
8
5216 3754 8629 4567 2606 3439 7568 12409
7
4384 1266 2413 912 9916 8889 6954
13
4186 6792 3079 31 8908 7126 6859 2402 4456 3642 864 6760 10787
7
4473 7034 4708 2850 1456 6594 3895
15
736 9469 2665 312 9105 7632 398 3235 8738 439 7535 4329 6068 3149 5220
8
5039 314 2295 7279 7282 5825 147 3117
8
7524 3904 6734 9933 6859 4010 5946 7050
13
6666 9474 8937 4356 6723 6198 791 3741 4248 8633 6124 8378 1389
10
8822 6067 416 7151 8024 7947 6035 3351 2890 15895
12
9508 3042 7222 418 7108 6862 280 2397 1969 145 4243 6400
10
7092 286 4609 981 9295 4307 9478 5649 783 4090
7
3845 133 4296 4574 5295 9356 6064
8
5991 3677 5509 1448 5576 4852 1045 2622
12
4342 7340 5484 9379 8005 5875 9865 9946 7559 1805 8564 3982
6
7307 6529 3015 5309 5450 3898
4
5897 9237 801 4039
15
8881 8521 3065 3831 9897 4930 1930 5780 5650 4814 9032 3939 4275 5433 3966
4
5395 2503 2181 5201
6
5996 1305 4674 8336 5479 13760
7
6601 7478 8391 5910 5262 8027 14587
3
5176 920 6048
6
1736 5708 2007 4489 8859 9281
4
3300 9382 6641 3687
9
8067 702 7133 1169 8667 3435 7861 8316 4104
7
4556 3172 9101 8537 5062 4627 7849
3
7228 5739 2647
9
7514 7360 4228 7683 9788 3367 9631 8375 8494
9
9726 8950 8629 7220 8745 8628 5546 1219 3471
3
5986 3004 7390
7
7270 6182 1597 7936 460 273 7584
15
4778 6611 9984 7686 2350 4692 5251 8407 2757 3765 1148 8377 6295 8179 14976
11
5792 8612 4996 5087 5312 4075 2210 6985 6580 3984 10683
3
2711 6794 986
14
6210 4451 3948 3212 9834 9525 8775 4879 8111 7568 8091 2088 622 9995
7
8600 5815 4379 668 4048 9733 3453
13
5396 7060 490 3146 362 808 6050 8071 2696 8934 7545 9939 6787
3
8344 1490 9546
15
8236 6052 4823 8947 7189 757 7309 6754 5716 3418 2805 1512 8853 1094 11619
13
3217 3030 8038 453 463 2356 2709 9189 2609 8120 4629 2436 13943
