100
3 1 5 15 13 11
3 0 8 23 22 21
2 2 6 9 17
2 1 5 10 25
2 0 9 23 23
3 0 2 3 4 2
1 0 6 25
1 0 5 12
1 0 8 21
1 1 10 27
2 0 5 11 10
3 1 2 2 2 3
2 1 2 0 25
1 0 1 0
3 0 10 26 11 26
3 2 9 11 23 16
3 0 4 9 9 9
2 0 10 13 18
2 1 10 21 12
3 0 0 30 30 30
3 0 4 2 8 4
1 0 5 12
1 0 1 21
1 1 9 18
1 0 9 25
1 1 2 17
2 1 10 15 24
2 0 1 18 23
3 0 2 9 9 3
3 2 8 21 21 20
3 2 9 12 10 21
2 2 10 7 9
3 0 0 28 13 6
1 1 9 10
1 0 5 11
3 0 5 3 7 12
3 2 10 22 25 2
3 0 10 17 6 28
2 0 10 26 5
3 1 9 23 27 23
2 2 2 3 24
2 2 8 24 20
3 0 3 6 26 6
3 3 2 19 11 23
3 1 5 12 12 11
3 1 6 3 5 8
3 3 3 13 21 4
2 0 9 23 23
3 0 10 5 27 27
1 0 5 11
1 0 9 24
3 0 6 27 14 14
2 0 7 17 18
1 0 6 0
2 0 10 27 26
3 0 5 12 15 12
1 0 7 11
3 0 5 11 13 16
3 0 5 30 30 1
3 0 8 30 12 15
2 2 0 6 9
2 1 0 0 26
3 3 0 3 14 11
3 0 1 0 6 30
1 1 4 27
1 1 7 18
3 0 0 0 0 0
2 0 9 7 8
2 0 8 4 28
3 0 0 6 30 28
3 3 0 11 13 19
2 0 1 25 24
1 0 10 27
3 1 4 21 2 3
2 0 4 21 13
1 0 10 26
2 1 8 2 15
1 0 5 9
1 1 8 11
3 2 10 0 20 18
3 2 10 23 27 23
2 0 8 17 21
1 0 8 12
3 0 10 30 30 30
3 2 1 25 18 0
3 1 2 2 2 19
3 0 7 17 14 17
2 1 10 26 27
2 2 10 10 2
3 1 3 6 5 5
3 0 4 2 9 16
1 0 3 1
3 2 1 29 21 13
1 1 6 9
1 0 3 5
3 3 3 15 14 21
2 1 1 9 19
3 1 6 15 3 14
2 1 7 10 20
3 0 3 6 5 26
