100
32 11
754 751 750 749 732 736 4845 4846 4848 4887 4890
758 755 754 751 735 4837 4842 4847 4886 4884 4886
761 756 4875 4872 4836 4832 4839 4849 4885 4882 4885
2437 2434 4871 4869 4865 4839 4841 4846 4850 4880 4881
2433 2431 4870 4866 4864 4863 4866 4875 4872 4876 4878
2428 2429 2432 4870 4867 4852 4867 4870 4871 4873 4875
2424 2425 2428 4866 4863 4858 4861 4863 4864 4869 4880
2421 2423 3095 3094 4865 4860 1771 1772 1776 3101 3104
2413 2423 3092 3091 3092 1767 1755 1773 3097 3099 3104
2417 3095 3093 3088 3087 3086 3070 3090 3095 3096 3109
2420 3101 3098 3093 3089 3088 3074 3093 3099 3103 3111
2424 3104 3103 3095 3094 3089 3094 3094 3101 3106 3115
2429 3110 3106 3098 389 3094 411 418 419 421 349
2432 2437 402 401 384 397 410 413 418 345 347
2434 405 400 397 395 400 405 406 346 343 346
2439 988 983 978 962 980 984 347 342 341 345
341 337 971 969 964 985 985 360 345 339 341
337 335 340 974 968 987 358 356 353 351 355
337 333 332 334 969 992 364 359 356 352 356
332 331 330 331 328 366 365 360 356 355 360
329 328 327 323 326 330 499 363 507 360 4838
329 326 322 314 332 498 496 497 506 509 4834
509 505 326 316 1947 491 492 498 503 507 4830
502 501 506 1939 1935 478 491 494 496 4826 4827
509 495 507 3912 3893 3907 495 496 4151 4824 4823
2271 515 2150 2130 3901 3908 496 2437 4147 4823 4822
2268 2257 2269 2132 2137 2141 2437 2432 4142 4822 4821
1631 1626 1633 3681 2140 3438 2432 2431 4137 4822 4819
1645 1643 3670 3668 3433 3426 3445 2411 4121 4123 4802
1650 1648 3675 3673 3674 3439 3441 2422 4122 4820 4816
1654 1650 3680 3674 3678 3443 881 877 1442 1437 1436
1654 1652 3684 3678 883 881 877 861 868 1442 1440
16 1
4466
4463
4479
4480
4481
30
27
22
21
19
6
3119
1685
1842
2268
3189
2 70
2151 3710 3019 3039 600 593 599 2429 2434 2437 2439 3987 3977 3973 3960 3972 832 837 845 846 851 854 2289 2287 3447 3445 3463 1933 1054 1063 1066 1071 1075 1076 1077 1079 1082 2462 2461 2460 2457 2453 2441 2457 2459 1357 2942 2938 2951 2954 2780 2775 2771 1695 1678 1690 3698 3693 3701 3705 3712 90 71 3491 4708 4691 4045 4048 4049 4051
2131 2138 3894 3913 613 609 2433 2415 2428 2440 3987 3982 3979 3976 3964 838 822 836 841 845 849 850 2289 2286 2305 3456 2255 915 1063 1067 1067 1072 1078 1080 1078 1081 2465 2464 2460 2456 2455 2454 2456 2462 1358 1342 1361 2954 2955 2779 2777 2774 2756 2774 1693 3702 3699 3704 3706 3708 3709 85 66 3471 3484 4062 4044 4057 4061 4063
1 25
1816 3860 3851 2859 1318 1881 1867 24 32 3098 3096 3115 4621 1199 970 969 3159 4634 4625 707 4654 3746 3745 3101 3114
100 100
103 84 82 77 73 72 68 64 60 56 52 51 53 47 45 40 37 36 37 35 43 44 48 49 55 58 52 47 45 51 52 47 45 40 37 35 30 27 25 25 18 20 19 31 27 22 18 15 11 12 18 19 23 25 41 42 44 57 59 60 65 67 72 83 83 87 76 72 68 63 74 69 56 54 53 50 45 40 39 37 40 36 40 45 44 47 51 50 46 48 20 15 10 6 0 2 7 31 34 37
98 89 88 84 81 76 72 60 57 55 53 50 48 46 45 36 34 33 24 34 38 43 44 45 50 51 55 46 43 46 50 47 44 39 35 32 29 26 24 20 17 13 17 33 27 24 22 14 0 11 16 18 23 26 38 41 49 54 55 63 70 67 72 80 81 79 74 70 65 59 70 66 64 59 56 46 43 38 37 36 34 32 34 41 40 45 48 49 44 41 38 23 22 18 14 19 21 26 29 34
93 88 86 86 80 71 67 62 59 55 51 47 46 44 40 40 29 29 22 29 32 36 37 42 45 48 51 42 40 44 44 44 43 42 29 28 27 26 21 18 14 11 13 29 24 20 18 16 14 19 20 22 25 28 37 42 44 49 59 65 67 65 70 76 82 74 74 63 62 58 61 70 65 60 45 43 41 40 40 35 36 31 35 36 39 43 45 47 42 39 36 31 27 23 19 24 28 33 36 40
91 87 85 81 78 75 71 67 66 60 53 52 50 40 39 38 27 25 21 25 27 30 26 30 31 32 42 37 38 41 42 47 46 45 57 52 31 27 22 14 10 8 12 15 26 29 24 21 15 21 25 28 26 29 33 37 48 46 46 53 56 61 66 71 77 73 69 67 60 57 56 58 53 42 38 40 41 38 34 30 26 28 32 35 33 35 49 55 50 39 38 33 32 26 20 29 29 30 35 41
94 90 89 86 74 70 72 68 63 58 53 50 51 56 37 35 31 26 20 20 20 25 22 24 28 28 33 34 36 43 47 50 50 57 52 47 46 19 18 17 14 6 10 11 15 30 28 19 16 24 27 30 32 34 34 35 38 41 43 48 53 56 57 72 73 68 68 64 62 55 53 56 48 38 36 35 35 37 29 25 22 23 24 30 32 36 39 50 45 43 39 38 36 30 32 34 30 33 37 49
86 85 84 76 77 69 66 62 60 50 49 47 45 42 43 30 29 24 19 16 18 22 20 24 25 26 28 30 31 47 55 57 47 49 44 42 42 36 16 13 10 0 12 16 17 27 23 21 19 31 29 31 36 39 39 41 46 48 52 65 57 57 78 70 69 65 63 61 58 53 49 48 45 41 39 34 33 32 26 23 21 24 23 29 32 30 37 42 46 47 40 42 41 34 36 38 34 38 39 44
88 83 80 75 73 68 64 60 57 53 51 46 44 41 39 36 22 21 16 14 18 17 19 21 23 24 28 32 32 58 54 50 44 43 43 40 39 35 20 16 13 11 15 19 27 31 30 26 30 34 32 34 38 53 43 42 51 52 63 64 69 72 75 80 74 70 61 60 55 52 48 43 41 39 34 30 28 27 21 19 16 21 20 25 26 29 33 38 44 48 49 41 39 36 41 40 39 43 41 45
89 87 83 78 76 69 66 64 57 52 46 42 41 40 36 32 27 25 13 0 14 15 18 20 37 42 46 50 35 52 50 45 43 39 38 35 34 33 28 23 18 14 18 21 23 27 29 29 42 39 34 37 38 48 52 53 55 60 61 62 67 71 72 76 71 69 66 63 60 53 53 48 45 35 31 28 29 26 23 19 14 10 0 18 22 28 32 34 43 46 47 51 44 40 52 49 48 47 46 47
90 90 85 71 68 64 70 63 52 49 47 46 43 41 38 36 29 22 20 18 17 19 24 33 34 35 47 52 38 63 58 54 42 40 39 42 40 36 32 26 21 26 22 22 24 26 30 29 47 43 38 41 44 46 49 62 59 62 67 66 72 72 78 76 72 72 71 66 60 56 57 51 34 33 29 26 25 23 21 20 16 11 9 12 13 27 29 31 38 39 51 53 46 41 54 50 49 50 47 52
79 80 75 73 62 61 60 58 56 54 49 49 49 46 42 32 29 25 23 21 27 23 28 29 32 36 41 43 42 59 55 50 45 44 44 43 41 39 35 30 29 25 23 24 22 21 25 28 33 31 42 45 45 51 55 64 63 67 72 69 71 97 80 79 74 77 76 67 63 60 56 42 40 36 32 28 28 25 21 20 17 14 14 16 20 24 29 33 36 40 41 46 50 52 56 55 53 52 50 52
78 77 74 70 67 63 71 66 61 58 56 51 54 49 36 34 33 28 23 22 25 27 30 33 33 37 43 44 67 74 56 52 49 46 49 47 46 41 38 42 33 28 25 24 21 16 18 19 19 26 28 29 30 56 35 67 68 72 76 80 84 94 97 82 79 77 68 70 67 52 51 47 43 38 38 33 35 33 28 24 22 25 21 20 24 27 34 34 36 38 41 44 48 50 54 61 60 56 55 58
82 78 76 65 64 64 64 70 66 63 45 41 40 38 36 35 36 30 27 26 32 28 33 36 35 38 42 45 64 69 57 56 60 55 53 50 47 44 41 39 36 28 24 20 16 12 14 17 18 24 24 26 27 32 34 44 49 48 53 83 86 89 92 71 70 72 64 65 62 59 56 48 53 41 39 35 39 35 30 19 14 26 25 25 28 32 37 37 37 40 43 46 50 54 58 65 61 59 56 61
78 73 71 68 63 62 60 55 52 49 46 43 42 44 40 36 39 35 34 30 34 31 35 40 39 40 44 46 61 62 66 67 64 58 55 54 51 43 39 34 31 29 24 22 15 11 13 15 15 19 21 23 28 36 38 43 45 46 49 86 91 90 93 69 68 67 63 60 56 59 58 53 48 51 45 44 19 17 10 0 10 30 28 26 27 36 38 39 43 47 52 53 51 59 60 70 65 63 68 62
83 80 74 71 68 66 63 58 55 52 53 49 46 46 45 38 48 39 35 34 36 40 45 47 49 45 48 52 57 60 63 72 69 63 74 56 55 48 43 27 24 19 14 13 8 0 5 10 14 15 24 25 28 30 45 46 51 49 53 59 63 68 72 68 67 66 61 57 55 54 48 44 43 42 40 41 21 16 15 14 17 20 29 28 31 37 46 43 46 52 56 58 54 62 64 72 70 66 69 66
81 76 73 75 71 73 67 62 56 55 51 50 50 62 59 54 44 42 38 38 41 45 50 49 58 56 52 55 60 64 71 81 78 75 72 62 59 52 47 30 21 16 15 16 13 1 10 12 14 16 21 25 27 40 43 42 47 45 48 56 60 64 67 71 74 71 66 61 53 50 47 45 40 38 37 33 25 21 18 16 21 22 27 40 36 37 51 45 46 49 59 62 65 66 69 73 71 70 74 77
76 75 70 66 67 69 74 55 51 53 50 49 46 51 39 51 47 44 39 38 41 42 47 48 53 60 56 58 63 65 68 70 74 69 68 63 60 37 33 23 20 17 19 21 18 16 12 13 19 20 23 30 36 37 38 41 42 43 47 52 62 63 64 65 77 73 69 65 55 50 48 42 40 38 33 28 29 20 18 17 19 27 29 31 38 41 53 48 49 54 62 65 69 68 72 75 78 78 77 81
74 71 67 64 62 67 53 52 48 49 45 45 45 43 38 42 44 49 35 33 35 40 41 43 45 65 70 75 79 84 72 71 75 74 73 67 65 35 30 25 23 22 64 59 57 15 14 15 17 36 32 33 34 32 36 37 40 42 44 46 58 59 69 77 73 69 67 64 60 55 51 45 37 33 32 27 26 9 14 19 22 23 33 32 39 45 56 49 52 55 64 80 77 73 77 81 83 79 77 78
63 59 62 63 60 53 52 45 44 48 43 43 40 38 36 40 42 37 34 29 34 39 39 44 48 60 61 64 84 85 87 89 84 79 75 68 70 82 35 26 26 66 57 55 52 51 17 18 19 31 29 28 31 31 35 37 39 38 41 48 54 56 64 66 66 72 76 69 65 55 51 47 33 31 23 24 21 8 11 26 29 31 33 62 57 61 61 64 69 70 86 84 77 75 81 83 87 69 72 73
60 58 57 56 55 51 47 45 42 44 40 40 38 37 33 37 39 32 29 25 30 35 37 42 51 55 58 63 66 69 100 94 89 80 87 84 79 78 79 75 70 65 61 60 51 46 43 47 50 30 28 25 28 26 28 32 34 37 40 45 53 57 61 66 63 75 71 66 61 57 55 49 29 26 21 19 18 1 18 22 25 27 29 47 54 56 57 58 71 85 85 88 84 79 64 85 66 64 67 70
67 64 62 53 50 45 44 43 41 40 39 37 33 29 28 33 36 28 25 20 25 27 39 43 47 50 53 58 61 65 95 92 94 95 90 85 81 77 78 74 71 67 63 62 44 42 39 41 29 30 25 22 23 24 30 33 30 35 36 51 48 53 54 57 58 82 78 71 62 58 58 36 35 33 23 22 21 12 17 22 27 31 32 46 50 55 57 58 75 80 81 82 75 66 62 66 66 63 70 69
71 57 52 50 49 48 48 48 43 44 36 32 30 28 23 23 20 23 21 17 21 25 27 44 50 52 54 59 47 48 93 90 86 87 85 80 75 73 76 58 53 52 47 44 45 40 37 38 26 22 20 18 20 24 25 31 29 31 38 37 45 50 49 53 56 76 73 70 67 62 43 39 29 28 26 23 26 17 19 23 28 34 36 41 46 48 59 64 74 77 80 77 71 61 60 62 66 62 69 68
75 61 57 56 52 53 67 50 48 45 30 28 26 21 20 18 17 18 9 16 17 18 31 36 40 45 38 39 44 47 91 86 84 84 80 77 72 68 58 56 51 47 44 42 38 34 32 27 23 23 8 14 17 22 24 26 25 28 33 36 43 44 48 50 55 72 72 68 65 43 39 37 35 33 30 24 27 18 23 24 30 39 41 46 51 56 62 64 69 71 77 72 66 63 59 60 62 61 66 67
78 64 62 60 54 66 62 57 52 50 33 27 25 24 19 16 13 12 5 14 15 19 19 22 27 27 33 36 49 54 89 87 82 81 77 73 68 64 63 58 52 51 42 40 38 36 31 26 21 20 0 12 17 22 23 23 24 26 27 38 40 41 46 49 72 69 68 65 64 57 42 41 38 32 31 25 26 20 27 29 52 54 60 47 56 59 63 67 73 77 75 67 65 60 57 60 50 57 58 59
74 76 65 71 71 67 65 60 54 52 37 32 28 26 19 15 10 1 4 9 12 13 15 17 20 24 29 31 32 34 36 84 80 79 75 74 73 68 67 60 63 48 47 45 37 34 32 27 26 21 2 15 16 18 19 22 23 27 32 34 35 39 43 52 76 67 64 61 59 55 50 46 41 36 32 27 31 36 40 45 48 50 55 57 58 61 63 79 75 73 74 61 56 58 53 45 47 52 47 50
69 72 73 70 69 66 64 61 59 53 32 31 30 34 17 15 14 14 5 10 15 20 22 20 25 30 32 36 40 41 86 85 83 82 78 75 78 75 71 61 67 46 44 40 39 35 36 30 28 31 23 20 20 19 21 23 27 29 34 39 43 43 46 57 81 71 69 64 60 58 54 48 45 36 34 32 33 38 45 50 52 54 56 58 63 68 71 76 70 68 71 55 54 50 49 44 46 43 43 47
64 55 75 72 70 70 69 64 61 54 37 33 34 38 18 17 18 17 8 15 19 23 27 32 28 30 45 40 44 47 91 88 98 95 93 80 88 77 74 75 62 57 54 53 41 40 41 32 30 31 32 23 28 23 28 33 38 32 35 44 48 52 55 75 72 75 70 71 67 62 51 50 46 38 36 33 35 37 49 55 60 64 59 61 64 68 70 72 68 63 53 52 48 43 41 40 37 40 42 46
62 54 58 76 63 61 57 68 60 56 39 38 40 39 26 24 19 15 11 12 21 25 26 28 31 33 38 43 46 52 108 103 98 94 89 87 84 86 77 64 59 58 53 52 49 45 46 49 33 34 35 28 29 25 30 35 40 43 38 48 52 55 56 60 70 69 68 67 63 59 57 53 47 43 42 38 41 44 63 59 64 65 60 67 66 71 74 68 65 60 57 56 50 49 42 37 36 38 40 44
59 50 55 58 56 57 53 57 61 59 43 47 44 42 28 24 22 18 15 17 22 27 28 32 34 36 52 56 60 64 67 108 103 93 83 83 82 87 92 69 58 57 54 53 51 48 50 50 42 38 40 41 34 26 32 36 37 42 47 52 56 56 61 94 71 73 70 68 65 66 62 56 59 50 45 40 44 49 65 60 62 64 67 72 71 72 75 73 70 65 60 57 45 44 41 39 34 36 41 42
58 49 52 53 52 56 51 55 60 65 69 51 48 47 35 24 21 20 22 19 20 21 32 35 44 47 48 51 54 57 93 88 95 90 82 81 78 81 80 67 65 62 63 58 55 52 55 55 46 40 41 42 35 29 37 41 45 47 49 52 55 58 59 91 83 80 75 71 75 71 66 70 52 50 49 54 59 62 69 64 65 70 70 72 76 80 87 71 70 68 49 47 42 39 36 35 31 34 30 32
54 48 47 49 47 43 47 51 55 55 59 39 37 33 31 26 23 22 24 24 21 39 37 38 40 41 44 56 59 93 91 87 90 85 81 76 74 78 77 77 73 64 59 59 59 55 62 58 62 43 42 47 49 46 42 42 50 50 81 54 56 61 66 90 88 84 80 74 79 74 67 75 55 53 52 58 60 63 68 65 69 70 79 80 82 87 84 77 76 71 35 32 26 24 19 18 27 27 28 30
49 52 45 45 42 40 45 50 51 54 62 37 34 31 29 28 25 26 29 29 48 43 39 39 42 46 59 57 60 91 89 84 82 80 77 76 72 80 75 72 70 65 57 66 61 58 63 60 66 45 46 50 47 46 43 47 48 73 77 78 78 79 84 89 91 88 83 85 80 77 82 65 61 58 57 61 63 68 69 66 73 75 76 81 83 81 79 76 70 68 31 27 23 21 20 15 22 23 28 32
47 46 42 43 45 39 40 52 58 56 59 58 63 33 31 33 29 31 33 36 41 44 43 40 47 52 58 58 88 90 91 89 86 78 75 74 70 76 74 70 65 60 55 54 60 56 59 59 61 64 61 58 55 51 47 52 63 68 68 71 75 76 79 82 95 90 93 88 83 84 96 69 65 61 59 61 64 69 71 69 72 77 77 85 84 80 75 74 71 66 68 21 20 18 12 14 17 22 25 30
45 40 39 37 42 38 43 48 55 55 54 57 61 65 34 31 30 36 41 45 48 47 46 42 49 52 55 88 87 86 80 81 76 75 71 72 68 73 79 74 51 56 54 49 59 55 55 56 61 66 64 63 60 53 52 57 60 63 67 68 71 73 76 100 98 93 94 93 88 89 94 96 64 63 61 66 71 77 75 71 82 79 82 86 78 79 74 69 65 63 65 45 17 14 0 13 15 19 24 26
42 46 35 36 38 33 35 58 53 50 49 53 66 54 64 64 67 72 77 74 78 53 50 45 53 56 58 89 84 81 77 76 74 72 68 69 67 62 54 49 47 46 49 45 48 54 54 58 60 62 58 65 64 57 55 62 62 66 68 73 76 77 87 92 101 106 101 97 92 91 97 102 69 67 65 67 85 82 79 83 87 81 80 76 74 74 70 67 62 59 48 43 38 22 20 18 17 23 25 28
37 35 32 33 36 30 30 36 56 40 44 46 49 52 61 59 63 65 69 71 74 91 53 57 97 83 82 81 80 78 76 73 72 69 67 66 62 60 54 49 45 42 45 44 46 50 51 55 49 55 56 61 68 58 56 58 63 68 73 77 80 81 84 86 102 109 102 100 93 98 100 105 75 70 75 78 81 86 81 88 89 76 75 73 70 68 65 61 59 56 41 39 34 30 25 23 26 31 32 36
34 32 29 29 33 29 27 35 34 36 41 46 48 51 56 56 61 63 66 71 84 86 91 89 93 98 90 86 85 80 77 78 74 69 66 62 61 57 49 49 47 39 38 39 43 40 54 45 47 50 53 56 60 64 59 70 65 66 75 82 84 85 86 99 105 111 114 95 94 97 103 107 75 71 78 80 86 103 98 93 91 79 69 68 65 62 60 59 56 51 46 41 35 33 29 27 29 35 38 44
30 27 25 27 30 27 26 31 30 33 37 41 45 48 51 52 55 65 69 80 81 81 83 87 90 93 93 91 90 82 81 84 66 65 61 59 54 53 48 44 43 38 36 35 39 36 36 42 43 45 49 53 57 61 64 70 68 69 72 75 77 89 90 94 98 99 100 98 95 98 104 82 80 76 90 85 88 107 101 96 98 83 73 70 68 65 61 61 60 52 49 46 40 36 34 35 39 38 40 42
28 23 20 21 26 26 24 28 29 30 34 39 40 45 55 53 58 69 73 75 77 78 83 88 93 96 98 92 94 58 56 51 73 69 65 63 55 55 53 46 46 40 33 30 34 32 34 38 39 46 50 57 62 64 66 72 72 72 73 77 81 90 93 98 100 103 102 101 96 99 105 110 85 78 92 89 92 109 105 99 81 79 76 73 71 68 63 64 67 57 52 50 45 38 35 43 41 41 41 46
21 18 15 19 23 21 22 26 31 29 32 33 45 50 57 59 52 70 78 78 80 83 86 93 98 100 69 65 60 56 52 50 44 47 45 37 35 32 55 49 28 27 24 27 29 31 32 38 43 44 47 50 63 66 60 73 77 76 80 81 96 93 95 97 102 105 106 110 99 109 106 110 111 115 120 92 103 98 93 89 85 82 78 78 73 72 77 68 60 57 56 51 49 43 40 48 46 42 43 48
23 18 14 11 19 17 18 21 24 26 28 29 49 37 42 45 47 51 82 79 84 87 91 96 99 83 74 68 64 50 47 46 43 42 40 36 33 28 27 21 25 23 20 24 28 30 35 35 38 40 44 46 49 62 59 58 64 80 84 103 101 96 97 105 109 107 109 115 118 114 109 112 113 120 99 96 106 100 98 88 85 81 79 77 76 73 82 72 75 61 54 53 48 47 54 53 54 47 58 53
19 16 11 8 5 0 10 26 31 27 29 34 35 36 40 42 48 49 50 82 89 90 93 96 81 78 78 73 54 53 51 50 48 44 45 40 37 23 22 17 12 23 18 22 23 26 28 34 35 38 43 44 51 54 54 55 61 65 72 100 98 97 101 104 106 108 112 120 123 118 110 116 121 124 111 109 105 107 101 94 89 84 81 85 81 84 79 75 79 66 57 54 50 49 58 54 57 59 63 56
23 19 15 12 10 5 6 28 33 32 36 41 44 39 42 43 46 47 48 84 86 87 94 79 78 74 73 69 66 64 54 55 48 46 49 44 41 31 26 14 11 8 1 17 24 27 29 33 34 36 39 40 46 49 50 54 59 63 67 70 100 100 105 105 107 104 100 105 125 120 123 117 119 118 114 109 104 103 100 95 90 87 82 91 88 85 83 76 74 70 66 55 51 70 66 65 62 64 68 61
18 14 18 14 14 10 12 14 38 37 38 42 43 42 47 49 49 52 53 89 91 96 98 102 89 78 76 65 62 61 58 56 60 47 47 42 26 21 17 16 13 16 11 16 20 24 28 29 35 36 42 43 45 48 47 53 56 61 64 67 68 77 77 108 111 112 95 98 101 121 124 119 122 120 117 113 107 107 103 95 92 88 86 99 94 89 91 77 71 63 61 57 55 75 71 66 66 65 69 72
18 13 13 15 25 13 17 20 40 44 49 53 46 46 50 52 57 59 63 93 95 97 99 90 85 83 78 70 67 62 59 59 67 62 40 37 36 32 30 25 20 19 15 19 22 25 30 31 35 38 44 45 49 46 44 48 52 56 59 62 66 76 73 77 82 87 90 91 94 126 126 111 113 117 116 114 113 110 107 98 94 89 90 91 87 86 74 73 70 67 65 62 59 73 68 67 69 71 74 73
16 12 8 19 20 22 21 23 43 46 47 51 55 58 59 54 58 61 99 98 97 102 110 105 88 99 82 87 81 76 73 64 63 60 55 51 47 34 33 30 23 24 33 31 27 30 34 38 39 44 31 35 51 44 41 46 48 51 56 58 59 65 71 73 78 82 86 90 105 107 106 109 112 115 117 116 115 113 110 97 95 94 91 89 87 82 79 74 74 72 67 65 62 75 72 70 74 75 76 76
11 7 5 1 15 16 20 21 26 37 52 54 57 60 65 70 73 75 79 99 99 109 108 103 101 98 102 78 76 72 70 67 58 56 54 48 43 42 38 40 38 36 35 35 30 32 37 39 33 28 27 28 52 37 39 43 45 50 51 57 58 64 67 68 71 76 88 98 102 104 103 105 109 110 115 117 109 106 103 101 100 94 90 85 84 82 81 78 83 77 73 70 66 80 75 73 77 87 87 88
14 11 9 15 20 17 24 28 38 35 36 38 40 48 49 50 77 76 109 104 108 104 101 100 96 93 88 88 73 71 69 64 54 51 50 49 47 43 43 52 51 44 40 34 32 33 40 29 28 23 25 26 33 34 37 40 41 45 47 52 54 59 60 62 82 86 89 96 96 99 101 102 107 109 114 119 141 108 106 105 103 94 89 88 87 84 82 87 85 81 77 73 67 83 81 78 80 83 86 88
15 14 13 25 23 27 31 26 27 31 33 35 40 44 45 46 48 57 58 105 96 95 93 92 91 90 87 85 79 72 68 63 59 56 52 51 49 47 56 51 49 47 42 32 27 26 24 17 21 20 24 25 30 30 32 34 39 42 43 45 55 62 61 78 79 85 88 92 95 96 99 101 111 114 118 119 137 142 145 101 99 97 93 92 87 85 83 84 89 94 82 90 87 86 82 80 82 84 90 91
18 15 17 32 28 28 31 22 25 28 31 34 37 42 44 42 49 54 54 55 59 97 97 95 95 85 82 80 78 73 71 66 63 60 56 56 54 60 55 52 53 36 31 28 26 25 20 16 19 18 22 23 25 28 30 38 42 47 44 48 53 55 73 74 77 80 85 89 91 99 102 107 111 115 120 139 134 139 144 112 106 102 98 95 91 90 86 88 90 92 102 99 96 93 89 84 85 86 91 95
51 16 40 35 32 25 16 19 15 17 20 35 35 38 38 40 48 53 52 52 55 57 105 100 99 86 84 80 79 75 72 67 64 64 59 82 71 68 59 56 58 34 32 30 31 30 11 14 15 16 20 24 27 33 34 43 45 50 49 51 58 63 68 70 75 82 84 92 94 98 99 125 131 135 138 133 131 134 113 109 108 106 99 98 93 91 88 93 95 96 105 102 97 96 92 87 91 92 96 99
48 52 38 40 23 21 14 17 14 19 22 30 33 35 37 38 44 48 49 51 108 101 102 98 98 90 87 87 84 76 79 86 84 79 78 77 72 67 62 61 57 59 37 36 36 9 8 10 13 15 20 21 24 25 33 39 38 43 53 67 63 67 73 71 75 77 82 87 88 99 118 121 126 130 132 131 127 128 114 112 109 107 101 100 96 101 106 102 97 106 102 99 98 103 97 88 96 96 101 102
43 39 34 33 21 16 12 11 12 14 19 29 34 37 38 41 42 45 45 50 104 97 98 95 93 96 92 90 88 78 94 92 87 81 81 81 64 60 55 57 54 52 36 35 33 13 1 6 9 14 19 23 25 28 31 35 36 40 69 70 72 73 78 76 78 82 84 95 98 118 116 118 123 126 130 128 124 128 133 114 112 108 103 100 99 105 107 123 99 110 108 104 103 106 93 91 100 100 104 108
40 37 32 31 28 14 11 10 9 25 23 26 29 33 37 41 41 42 43 48 99 94 95 92 91 96 80 85 88 80 88 86 83 78 68 65 64 56 53 52 50 49 36 32 29 26 21 25 10 16 20 23 29 31 36 39 61 64 67 71 71 72 77 78 76 77 85 90 92 96 115 116 117 126 126 123 121 124 116 97 94 110 107 103 100 106 122 120 124 112 111 108 106 109 111 94 95 102 105 113
41 39 34 29 26 22 15 12 1 20 22 24 26 29 32 33 36 39 41 74 75 93 91 89 90 94 78 80 91 88 86 79 76 73 70 65 60 58 54 49 46 44 39 35 30 28 22 25 24 20 23 32 35 40 42 43 57 59 61 69 66 67 70 73 75 77 80 81 122 125 113 117 122 121 117 115 119 123 112 92 90 98 94 117 115 117 121 117 118 119 124 117 115 112 115 99 108 120 116 114
40 38 26 25 21 19 14 9 5 23 28 21 27 29 33 37 40 45 55 73 79 81 89 87 89 96 77 82 87 85 85 76 72 68 67 62 61 59 57 51 48 46 38 37 33 31 34 39 27 23 24 27 30 37 41 44 54 53 57 60 64 67 70 73 72 73 117 120 120 122 111 114 106 117 116 111 116 121 111 89 85 89 90 120 113 112 113 113 114 106 97 103 119 117 97 101 104 107 121 116
39 34 29 25 24 22 19 11 7 10 13 18 22 25 35 39 41 46 51 71 76 79 82 83 87 92 74 79 85 83 80 79 77 72 69 65 62 62 61 50 46 43 41 39 37 34 36 48 50 27 25 27 28 33 37 43 50 52 56 57 60 64 66 69 70 112 113 115 117 120 107 105 103 107 105 107 112 107 110 85 80 81 85 115 112 107 109 111 115 101 96 101 97 92 95 97 102 103 104 116
40 37 32 29 25 24 26 29 9 12 14 19 24 26 31 33 37 39 73 69 72 76 77 78 83 70 73 76 87 84 83 83 81 76 74 69 67 64 57 54 49 44 44 41 40 37 40 44 48 23 22 24 26 31 46 42 46 46 53 62 62 65 67 73 76 110 109 104 101 104 102 100 101 102 104 102 101 104 108 78 76 77 80 110 107 105 103 106 99 97 94 99 95 90 93 96 98 104 109 113
45 40 35 32 30 29 30 33 14 18 21 24 29 27 31 34 35 40 69 66 68 77 82 66 70 68 70 75 90 88 87 87 82 77 73 70 68 72 61 56 48 46 51 46 45 42 41 45 52 25 21 22 23 27 44 39 41 45 48 50 51 52 78 75 113 110 106 102 97 99 97 95 97 99 96 99 100 101 103 74 73 77 82 79 108 103 99 103 94 93 89 82 86 88 89 94 97 101 106 109
58 43 42 39 36 31 34 39 18 22 23 25 36 32 36 39 43 70 67 62 67 68 68 64 69 67 69 74 78 82 89 88 85 82 77 75 69 73 62 58 51 47 48 47 46 38 37 39 20 14 18 10 27 27 29 35 36 43 45 49 51 56 57 79 106 105 101 98 95 90 95 90 94 96 93 94 95 102 79 78 72 68 79 75 65 100 98 96 93 88 85 80 81 86 91 94 100 103 104 108
54 51 47 42 37 35 35 24 21 23 28 31 34 35 39 44 63 60 56 57 62 63 64 59 60 66 70 71 81 83 85 92 90 84 87 80 80 75 65 63 65 63 47 42 38 36 34 18 16 13 14 8 9 26 27 30 33 40 43 48 56 47 52 108 106 105 103 97 92 87 83 85 88 86 90 94 99 77 76 75 67 63 68 72 62 98 96 93 90 87 80 77 80 84 89 94 96 99 101 104
59 54 49 43 41 43 40 27 26 29 30 34 36 37 42 64 61 57 55 52 57 61 50 54 59 63 64 72 72 86 100 96 94 86 91 89 84 80 65 62 60 59 46 45 41 36 32 28 15 12 9 1 18 23 24 29 31 35 38 42 43 46 49 112 109 106 104 105 89 86 82 81 83 84 86 89 93 97 74 73 67 62 65 67 60 98 93 88 86 82 78 76 77 80 92 93 94 95 96 101
63 55 50 45 46 48 53 28 30 31 32 39 38 49 50 47 63 58 56 51 48 43 48 52 56 61 65 68 69 70 71 101 95 90 92 88 83 81 68 63 59 56 51 50 42 33 30 26 21 17 12 21 24 25 25 28 35 38 41 46 51 60 66 62 58 108 109 109 88 88 86 77 82 83 84 85 88 92 69 68 64 61 64 59 59 62 60 58 87 78 75 74 78 90 87 90 88 91 92 93
67 58 55 50 48 52 58 63 33 32 37 52 45 46 45 43 48 45 47 46 45 41 44 47 51 56 58 76 74 75 76 80 96 91 96 86 84 73 68 67 64 57 56 46 42 38 34 25 23 22 13 22 27 32 36 40 40 43 45 46 50 59 64 57 57 59 72 87 83 84 81 75 77 79 80 83 89 92 65 64 60 56 59 54 58 61 54 53 57 73 70 70 75 76 82 86 86 91 95 96
65 60 56 51 52 60 59 61 36 33 49 47 43 45 43 40 45 41 35 40 42 39 49 52 57 61 68 73 69 74 75 78 79 92 97 83 80 72 69 70 61 60 58 62 43 39 31 30 26 24 27 25 31 35 40 41 45 70 48 49 51 54 62 56 56 58 68 64 80 78 77 74 76 84 81 82 91 62 63 61 57 52 46 49 57 58 47 52 73 70 69 65 70 72 80 82 83 84 85 90
69 63 53 52 54 63 60 64 54 50 44 42 40 40 38 36 33 37 33 38 37 37 46 51 71 67 64 68 66 70 73 79 83 86 82 79 77 74 70 71 68 65 61 41 37 36 35 31 31 36 34 29 32 33 41 63 67 66 70 72 76 60 57 55 54 56 60 62 75 73 71 69 74 72 76 78 82 58 56 51 48 47 45 48 53 56 44 47 58 58 64 62 64 68 75 77 81 83 84 85
68 65 55 53 59 67 64 49 48 46 44 39 36 35 34 35 29 34 31 33 35 36 41 42 44 62 62 63 65 66 71 76 79 82 86 84 82 77 74 73 70 70 77 72 41 37 36 34 34 41 39 31 35 38 41 59 62 63 64 77 78 58 54 52 53 54 57 58 73 73 72 68 69 70 71 75 76 55 52 52 45 42 43 40 43 43 42 43 53 54 55 57 62 69 74 76 77 80 81 83
77 68 75 74 71 64 64 62 51 50 48 44 41 36 33 32 28 30 26 28 32 35 44 46 48 58 61 64 68 69 73 79 80 83 98 91 86 82 79 78 73 77 74 71 67 62 60 58 51 46 42 45 50 53 57 58 62 64 69 72 82 62 48 47 48 50 61 75 71 69 66 65 67 72 76 70 75 54 49 48 43 40 42 36 41 39 40 45 48 52 51 52 56 65 69 70 81 82 79 80
74 73 72 70 66 61 60 58 56 54 53 42 39 35 35 26 25 26 21 24 28 38 41 42 52 57 58 71 79 78 84 85 90 93 96 101 90 87 84 85 84 83 79 73 72 67 59 55 50 45 43 46 57 57 62 63 66 68 74 39 39 35 48 45 46 53 71 70 67 65 63 60 62 63 68 68 56 51 46 42 38 38 37 31 36 38 39 44 47 52 48 49 53 60 65 67 72 73 76 79
75 77 77 74 71 66 63 64 60 55 43 40 36 34 32 27 23 19 1 19 20 24 43 47 49 53 63 70 74 76 79 84 88 93 94 98 106 101 98 96 94 88 89 76 75 78 72 59 53 49 48 49 54 55 67 64 70 42 40 36 33 31 45 44 42 55 57 55 52 67 63 58 59 61 63 67 50 46 44 41 37 35 32 30 36 36 36 39 42 41 44 47 52 57 61 65 68 68 74 79
81 80 82 77 75 69 66 62 61 54 49 45 38 33 30 29 28 16 12 13 17 20 25 48 53 57 60 67 70 75 77 79 92 96 97 101 103 98 95 92 91 87 85 87 78 73 70 59 58 53 52 53 55 59 63 65 38 39 36 33 32 29 47 43 38 40 57 53 48 53 48 56 59 62 64 72 45 44 49 45 41 34 29 28 33 35 33 33 34 37 42 42 48 52 52 61 63 66 69 73
83 81 84 80 76 70 66 63 62 57 54 49 42 37 31 30 29 21 16 16 19 22 29 55 54 55 60 65 68 72 73 77 79 98 99 102 102 100 96 94 86 84 82 77 71 68 65 63 60 57 62 57 62 64 75 79 35 34 29 28 25 26 44 38 37 58 53 52 44 51 46 51 56 58 60 47 42 41 38 37 30 26 27 25 27 29 30 31 31 34 37 38 43 44 51 56 57 71 71 72
87 84 86 84 81 73 71 65 62 60 52 47 44 43 39 35 28 25 19 19 22 23 25 60 58 59 62 66 71 73 74 76 81 85 94 102 99 94 92 87 86 83 80 76 76 72 67 67 64 59 62 59 63 67 73 78 37 35 34 29 24 22 39 34 33 35 35 47 42 47 45 49 61 62 76 41 39 34 34 32 27 22 24 20 22 24 26 29 30 33 35 36 40 45 49 53 88 91 74 75
90 88 89 89 85 74 73 71 69 67 64 49 48 44 43 38 31 29 23 24 26 27 30 65 61 60 64 69 70 73 76 78 86 92 89 93 102 99 95 90 86 81 79 73 71 76 72 70 66 61 65 61 64 66 69 73 75 39 38 25 21 19 35 33 28 34 31 38 37 41 42 46 56 58 72 75 37 32 30 25 22 21 21 15 20 21 24 26 29 32 33 43 42 46 51 55 87 89 92 95
87 84 97 93 90 75 78 74 69 64 59 55 53 48 46 41 32 31 34 29 28 29 33 38 67 64 66 71 75 74 95 79 82 89 86 87 90 91 88 83 78 75 74 72 66 69 74 72 71 62 66 71 66 70 72 76 79 43 25 22 18 17 15 25 24 27 28 33 35 40 41 46 51 66 68 72 32 28 26 24 22 19 17 13 17 18 27 31 31 35 36 41 42 43 80 81 83 84 88 99
87 83 78 76 71 68 66 60 59 57 54 51 56 52 44 40 37 34 48 32 31 31 36 42 73 68 71 76 78 93 91 95 89 79 81 85 87 85 84 79 74 71 68 67 64 65 66 74 71 72 76 75 70 72 78 77 78 79 21 17 15 12 10 22 20 24 27 30 40 44 47 59 61 62 64 67 68 28 27 29 25 22 17 0 17 23 32 35 33 40 43 43 47 80 79 80 82 87 92 100
94 88 79 75 70 66 62 59 58 56 51 50 49 48 47 45 39 40 44 48 35 34 37 39 41 72 74 76 94 92 87 88 85 76 79 80 78 76 63 61 58 71 68 63 62 65 64 73 69 73 81 76 71 76 81 80 82 36 29 11 10 7 5 2 0 6 32 35 39 47 52 57 59 65 70 68 35 30 29 30 26 27 8 3 6 11 13 14 48 44 46 50 68 78 74 75 80 81 85 90
91 91 82 77 74 71 67 62 62 59 54 55 54 50 49 47 44 45 45 47 42 38 39 41 42 46 77 69 96 87 83 83 82 74 76 81 83 71 66 62 57 56 57 61 57 60 61 68 67 71 77 81 83 80 84 84 35 31 26 14 10 8 6 3 20 25 34 36 44 52 53 60 61 69 71 41 37 35 33 32 31 6 5 4 5 9 11 15 17 46 48 65 67 69 69 72 77 61 64 95
89 90 94 78 73 72 102 97 64 61 77 70 67 54 52 51 56 57 59 60 79 39 41 45 50 57 60 64 87 84 80 79 77 72 74 77 78 67 74 70 65 54 53 57 53 57 61 68 63 68 74 73 76 80 87 90 95 26 24 19 14 13 9 25 22 25 35 38 63 62 58 64 64 67 71 72 42 38 36 35 33 12 10 8 12 13 15 20 50 49 51 61 62 66 67 70 74 56 59 60
85 86 98 80 77 99 96 94 76 74 72 67 63 60 55 54 61 59 64 71 74 76 42 49 52 53 55 56 90 88 86 83 73 68 68 73 68 64 69 68 63 56 52 51 48 54 56 63 61 65 70 72 75 80 86 88 91 29 25 22 15 17 13 27 26 27 37 40 67 67 59 67 66 71 74 75 51 43 39 39 37 14 13 12 14 17 42 24 58 54 55 56 58 59 68 69 70 54 59 61
84 83 87 81 102 98 94 89 86 74 71 67 65 61 62 58 60 64 66 67 70 78 44 51 56 56 58 99 95 90 89 86 70 67 65 70 67 63 66 62 59 58 53 50 45 52 54 57 60 62 67 71 74 75 85 84 96 28 26 25 41 39 34 32 36 43 38 39 70 71 64 69 69 74 79 86 46 45 43 46 24 22 18 34 32 36 38 22 58 57 32 37 61 40 70 73 78 52 53 57
79 80 78 80 98 93 89 84 81 78 73 71 67 72 67 60 61 66 69 72 77 82 49 97 58 60 62 81 100 93 91 89 66 64 60 62 65 61 57 52 62 52 47 46 44 49 54 54 57 61 62 67 76 78 81 83 88 39 28 27 32 37 36 34 38 46 41 43 73 74 77 77 72 77 78 81 86 46 46 48 42 40 35 30 27 27 29 18 17 21 31 30 34 35 37 59 52 48 52 53
76 71 76 78 79 95 91 89 82 82 76 73 68 73 71 63 65 69 74 77 81 87 91 96 99 103 73 76 73 96 65 65 62 59 57 58 47 55 54 51 45 47 43 42 43 44 47 51 53 58 61 66 68 80 86 86 41 38 33 31 33 59 40 38 39 47 43 76 75 75 77 79 73 81 82 85 91 50 49 42 37 35 30 27 26 23 18 15 16 17 29 26 34 37 43 55 51 47 50 51
73 70 73 77 78 87 84 88 85 85 79 77 72 73 76 67 69 70 84 79 84 91 94 100 105 76 72 71 69 65 61 66 56 55 53 48 45 43 38 48 43 40 38 39 40 42 44 49 54 56 63 66 69 70 72 75 46 42 35 33 36 54 44 43 47 50 81 78 76 80 82 84 76 85 89 93 94 51 48 43 41 38 35 31 25 20 15 13 14 10 24 25 29 33 40 44 48 44 45 47
73 68 72 76 78 83 83 84 86 86 84 82 74 73 71 68 70 72 87 84 87 96 99 102 105 76 81 77 70 65 60 58 53 51 49 45 44 40 35 32 29 37 36 35 38 44 46 53 57 61 65 71 72 74 84 87 49 44 49 36 56 53 52 48 51 53 82 82 85 81 85 89 78 88 90 94 70 62 50 47 44 48 47 42 25 24 13 10 9 7 21 24 29 34 36 42 39 43 45 49
59 63 64 71 76 79 81 77 93 89 90 85 76 76 72 71 75 80 89 87 92 97 98 101 76 74 79 75 74 69 57 56 43 40 38 40 38 36 34 30 25 23 28 30 31 49 49 53 58 59 64 68 73 76 81 85 89 45 48 63 62 58 54 53 54 55 83 91 87 84 86 88 80 72 71 67 66 61 66 57 59 30 39 37 33 29 27 11 12 0 16 21 24 32 36 36 34 40 41 30
55 60 63 67 72 74 70 75 76 96 92 89 80 80 75 72 77 83 87 88 96 98 103 108 73 72 76 73 71 67 54 52 41 36 34 33 32 33 26 26 22 18 23 27 29 34 35 55 61 64 65 67 72 74 86 89 85 47 52 68 66 60 55 56 59 87 86 88 91 85 87 74 69 68 66 66 60 59 59 55 31 29 19 18 27 26 24 25 21 18 17 22 23 27 31 34 33 37 28 29
53 55 60 65 75 80 69 70 73 96 94 97 95 93 76 74 78 81 86 89 100 109 104 91 76 71 74 70 68 63 51 49 44 42 37 35 31 30 25 20 17 14 18 28 30 32 39 24 25 65 70 68 72 76 77 78 81 86 87 91 66 65 60 62 62 92 89 89 90 77 72 69 68 67 65 61 60 58 56 53 28 24 18 13 12 8 20 22 24 22 21 27 24 25 30 33 29 29 25 28
51 52 53 58 59 63 68 71 73 77 108 103 93 88 84 79 81 86 88 91 96 112 89 87 72 69 68 67 64 59 58 53 46 41 37 35 34 35 27 22 3 0 2 4 35 16 18 21 23 24 74 69 71 77 78 83 88 91 90 92 93 68 62 63 64 97 95 92 96 101 77 78 76 71 71 66 61 56 54 52 25 20 16 12 7 6 15 18 22 27 31 29 29 28 32 27 25 26 23 28
46 48 52 56 58 59 62 67 65 69 102 99 94 90 89 82 82 87 88 97 94 88 87 84 76 74 73 67 65 63 61 58 51 46 41 39 36 33 31 26 19 15 7 10 12 13 15 26 27 30 76 74 72 74 81 84 92 96 94 97 103 73 70 68 67 99 103 94 97 81 78 75 71 69 68 63 65 56 55 51 24 19 17 14 7 1 14 15 20 21 35 31 35 16 13 23 21 14 18 23
42 43 45 59 47 52 55 60 61 66 70 99 95 95 91 83 83 84 87 93 92 87 83 81 80 77 76 71 66 68 66 54 50 48 45 44 41 37 36 30 23 19 12 12 16 16 18 23 25 32 80 79 75 77 82 88 93 100 96 99 100 103 74 73 70 73 99 98 80 79 74 73 72 68 64 61 57 58 47 46 42 20 18 17 22 15 19 21 22 24 39 32 13 12 12 21 16 12 14 18
37 41 40 40 43 46 53 57 61 62 73 101 98 102 103 88 85 86 91 92 97 89 86 85 84 85 81 70 68 62 57 56 53 53 46 45 44 42 37 32 23 20 17 15 18 20 25 24 29 30 32 81 77 80 83 86 87 90 97 101 101 105 82 78 74 79 101 99 77 75 70 67 63 70 68 56 55 59 45 43 40 25 23 18 22 16 20 25 29 31 29 25 15 10 8 10 7 11 12 17
32 32 36 39 43 48 49 53 55 58 70 71 103 106 95 92 88 91 95 97 100 95 90 96 92 88 86 89 71 66 59 57 73 55 54 51 46 45 50 26 25 22 20 16 22 23 27 31 34 37 84 82 81 86 87 88 89 91 101 119 115 110 83 81 83 84 90 102 83 79 67 63 58 55 58 55 50 52 45 38 35 30 26 23 25 25 28 29 34 27 23 21 17 12 7 1 3 6 8 12
29 31 33 37 39 43 45 56 60 62 65 70 107 92 94 96 93 92 95 98 100 98 91 100 97 93 87 91 74 78 74 71 69 64 61 56 51 49 51 54 29 27 25 17 27 24 28 32 39 95 93 89 84 88 91 93 91 92 103 121 120 115 88 84 88 87 85 80 78 75 71 66 56 54 54 50 48 47 44 43 38 34 30 24 25 23 26 35 39 41 28 24 19 17 11 9 7 12 13 15
28 30 31 36 37 41 44 46 48 57 70 73 74 87 90 94 100 97 99 102 105 102 92 99 97 95 99 102 105 89 77 75 71 68 58 57 52 58 53 54 32 29 30 22 30 27 28 37 44 101 97 86 85 90 95 95 93 93 107 122 122 120 93 93 91 91 90 84 81 78 64 59 55 53 49 44 40 42 39 38 37 38 33 30 25 22 26 32 34 39 40 29 24 21 13 14 10 15 18 23
23 15 23 24 39 43 47 50 52 56 58 77 79 84 86 75 78 101 102 106 109 107 100 99 98 97 102 107 89 86 81 79 69 67 62 60 53 59 58 59 52 31 26 23 32 28 29 40 42 47 97 93 89 90 91 102 97 94 95 127 125 123 128 99 95 86 95 65 62 61 58 57 55 54 44 42 39 34 42 38 34 38 25 22 19 17 20 29 32 34 39 29 27 23 18 19 14 16 23 26
18 1 19 23 27 42 46 45 45 52 54 58 81 88 70 72 74 78 107 111 112 110 107 105 102 100 101 102 89 85 85 81 73 72 67 65 55 62 64 67 47 45 41 38 34 31 34 35 39 43 48 96 91 93 97 100 98 112 105 109 102 124 129 130 86 83 79 79 76 63 61 58 54 49 44 40 37 32 34 32 32 27 23 22 19 14 19 24 29 30 33 27 23 22 19 23 23 18 23 28
19 3 20 27 32 37 38 41 43 48 53 57 58 63 67 71 75 80 90 114 95 114 112 109 107 103 99 89 85 84 81 80 79 76 72 74 58 65 66 70 75 50 43 41 36 33 39 39 42 47 49 101 96 95 97 112 109 108 102 101 99 93 132 84 84 82 78 77 74 77 72 63 59 51 49 45 32 31 30 29 27 25 21 20 15 0 1 4 8 32 33 37 25 24 20 25 26 23 25 29
23 29 25 28 34 38 40 41 48 52 53 56 57 59 63 65 77 82 86 89 90 92 116 107 104 100 95 93 91 89 84 85 81 76 73 76 77 67 68 69 80 81 84 46 37 37 42 44 46 51 54 59 101 98 101 104 111 106 101 100 95 92 84 83 80 76 73 75 70 72 67 64 55 54 53 42 40 36 34 31 29 13 8 4 3 2 4 8 10 35 28 34 28 32 28 26 27 27 26 31
27 31 28 31 42 40 42 47 53 53 54 59 58 64 64 65 68 71 90 93 95 114 112 108 106 101 96 94 94 93 86 86 85 80 78 81 80 72 69 83 85 86 85 51 39 38 46 47 51 55 55 107 102 101 105 110 109 107 105 93 91 87 82 80 76 73 71 70 68 66 65 61 62 56 54 52 41 39 37 32 30 17 13 6 7 7 9 13 16 20 27 29 30 33 34 31 36 28 27 36
30 31 31 33 49 45 46 49 50 57 58 61 64 69 68 69 71 73 74 79 83 121 117 113 111 106 97 99 100 97 91 89 84 83 84 85 84 75 76 78 80 85 88 46 42 40 49 50 53 56 59 109 107 102 106 115 112 110 108 98 95 90 85 82 81 78 75 73 73 64 59 58 57 55 52 48 45 44 39 41 16 15 14 15 18 9 18 16 18 21 23 28 30 35 39 36 32 30 29 40
3 29
210 209 189 191 195 692 688 693 552 1401 1383 761 2972 2967 2962 2948 2953 4156 1867 1862 1981 1999 1197 1182 1199 3327 3323 3327 3329
214 1070 1050 427 430 697 679 331 532 544 754 747 757 2959 2958 2946 4145 4140 4150 1868 2984 2002 1200 1197 137 3319 3321 3127 3135
4896 4893 4889 413 417 2434 2414 329 1382 1389 754 750 751 755 2865 2854 2868 4160 3142 2993 2973 2974 935 931 916 3312 3317 3115 3130
17 6
458 456 453 449 446 444
454 453 448 447 445 440
453 449 447 443 440 435
450 445 442 439 437 417
455 446 445 441 431 430
452 450 444 451 446 434
447 445 443 446 445 448
450 445 440 428 443 445
451 448 445 440 38 43
458 451 449 444 56 48
454 452 450 447 448 50
459 458 454 452 457 461
466 463 458 454 461 462
465 464 458 455 457 458
468 463 461 457 462 465
469 465 462 460 463 466
470 468 463 468 471 474
2 9
475 473 1673 4396 1996 3672 4947 842 3315
2055 2055 2258 2260 1999 3691 4165 1641 3364
1 33
563 562 549 565 2358 2369 2370 2037 2032 2027 2014 3859 3870 3871 3873 3877 3878 4001 4000 3997 3992 3990 3989 3973 3572 3567 3579 3583 3587 2080 2077 2065 2066
1 14
595 575 1089 2700 4284 2714 2727 879 866 877 1272 1278 4240 2090
14 1
4015
4002
4015
4016
2049
2032
2048
2051
2055
2060
2061
2064
2068
2073
3 31
3619 3615 3614 3610 3606 3602 3597 3592 3588 3577 3593 3729 3731 3789 1406 1412 1416 1418 558 546 552 2027 2032 3798 3781 3797 3798 3309 3304 3299 3303
3623 3620 3613 3612 3609 3604 3598 3596 3585 3581 3586 3745 1961 1955 1421 1415 1419 558 556 553 554 2032 2033 3791 3788 3789 3792 3794 3300 3298 3304
3624 3624 3615 3613 3612 3607 3598 3597 3586 3584 736 735 731 728 748 753 756 563 560 557 560 2033 3799 3795 3790 3792 3795 3309 3305 3292 3302
5 5
6 18 0 11 13
15 17 16 14 6
0 15 30 15 0
16 16 15 15 25
25 23 0 5 11
8 15
1211 1208 1204 1201 1198 1194 4048 4066 3883 3882 3871 2452 4649 4657 3981
351 346 341 4833 1892 1884 4505 4507 3887 3883 3874 2462 4665 3980 3971
344 341 329 4826 4836 4506 4494 4497 3892 3885 4913 2467 4669 3982 87
801 796 795 4840 3716 4501 4497 4499 3310 3312 4912 4916 2256 748 77
805 800 798 3710 3709 3720 4499 3308 3305 3293 4903 4916 2245 731 1333
804 803 799 3714 3713 3717 3314 3312 3309 3308 4920 4923 2256 736 1348
810 807 3720 3719 3717 3720 3724 3318 3317 3312 356 360 742 739 743
815 812 3727 3724 3722 3722 3323 3320 3319 351 340 358 743 741 748
64 5
1765 1760 1756 1751 1757
1756 1751 1753 1749 1755
1751 1750 1751 1748 1752
1750 1748 1746 1745 183
1748 1743 1743 1741 181
1745 1742 1739 1740 177
1747 1742 1729 168 163
1748 1748 1746 1747 169
3072 3072 1751 173 172
3071 3067 3072 3075 177
3068 3065 3068 3079 179
3072 3057 3062 3077 3086
3073 3069 3073 3076 3081
3078 3074 509 508 3083
3083 3456 507 504 509
3457 3455 516 503 504
3457 3452 3451 505 509
243 3457 3440 3441 513
230 247 3460 3465 514
237 252 257 260 262
260 257 261 2776 2781
2780 2779 2776 2767 2784
1301 1298 1296 2782 2785
4717 2401 2385 2392 2396
4716 4702 2391 2393 2395
4711 4696 4699 2085 2399
4714 4709 2085 2080 2083
4715 4713 2081 2076 2077
4718 4716 2089 2069 2085
1327 1325 1326 2088 2089
1323 1321 1321 1318 1315
1322 1319 1315 1314 1313
1328 1325 1324 1319 1311
1407 1406 1328 1321 1318
1403 1402 1407 950 961
1393 1399 1404 949 944
1403 1408 960 959 957
743 745 967 962 961
723 736 969 966 964
733 307 308 968 967
313 304 306 3893 3883
312 301 320 3889 3879
2734 2083 3889 3874 3878
2727 2072 2083 3892 3881
2729 2085 3955 3897 3902
3948 3945 3950 3955 3958
3945 3944 3932 3951 3955
3949 3945 3939 3940 3945
3945 3944 3941 3942 3948
3949 3948 3944 1199 1202
1212 1206 1197 1197 1200
1208 1205 1190 1193 1198
1210 1210 1208 1210 1214
1024 1027 1211 1211 1216
1023 1024 1274 1274 1277
1019 1012 1262 1273 1275
1014 1009 3607 3608 1278
1015 1029 3612 3613 1283
1383 1370 3614 3617 1286
1379 1368 1378 1379 1380
1382 1369 1373 1374 1375
1375 1372 1375 1377 1382
1379 1373 1374 1378 1386
1381 1377 1380 1383 1389
7 9
578 573 569 570 1377 1367 2323 2308 2967
570 568 568 571 572 1385 2330 2328 2976
566 565 563 579 61 66 1605 1601 1597
3123 569 566 52 45 3660 1609 1843 1829
3107 3123 2959 2958 3654 3640 3647 1835 1832
4540 2958 2956 2945 2947 3649 2643 2645 1836
4522 4542 4832 2946 2948 2661 2656 2661 1837
8 3
3880 3027 3024
4324 4338 3033
4803 4809 4760
1176 1191 553
809 1313 540
818 1520 2128
2772 1539 2135
2787 3973 3954
24 8
2640 2657 2660 681 683 682 1601 1599
2656 2658 2660 679 679 678 1599 1596
2658 2661 679 675 674 677 1596 1591
2662 2666 673 670 671 674 1591 1588
2759 2754 669 667 663 666 1587 1586
2757 2752 2748 2745 2731 2747 1567 1583
2754 2753 3100 3094 2751 4117 1570 1586
2756 2758 1904 1902 1916 4116 4120 1699
1882 1878 1912 1911 4129 4114 4117 1695
1882 1877 1872 1689 1685 1670 1689 1692
1864 1859 1853 4462 2755 1675 1679 1696
4466 4461 4459 4442 2750 2761 2766 2767
4468 4462 4461 4462 2751 2756 2767 2769
2595 4465 2607 2603 2756 2759 4270 4260
2594 2586 2594 2602 2607 4271 4268 4251
2591 2577 2592 2597 2598 4272 4269 4252
1590 1572 1586 2827 2835 2840 4270 4253
1591 1591 2824 2826 2831 2835 2840 2842
2842 2839 2819 2831 2833 2837 2842 2846
3005 3009 2837 2276 2277 2278 2299 2302
3001 2991 2992 2275 2295 2294 2296 2298
3005 2997 2285 2273 2292 2293 2298 2301
3009 3011 2286 2293 2294 2297 2299 2302
3013 3016 2291 2296 2298 2299 2303 2307
5 5
6 18 0 11 13
15 17 16 14 6
0 16 30 15 0
16 16 15 15 25
25 23 0 5 11
7 1
744
737
1008
1022
1026
1029
1031
2 1
3788
4498
5 5
6 18 0 11 13
15 17 16 14 6
0 16 30 16 0
16 16 15 15 25
25 23 0 5 11
1 8
2919 583 600 1538 1301 1631 568 1821
100 100
164 161 157 153 151 147 142 136 135 134 129 127 131 118 114 109 112 104 100 88 87 83 80 76 73 71 63 52 51 47 46 43 36 31 27 28 28 23 27 31 33 37 57 55 59 64 67 72 71 74 73 77 82 86 81 86 97 98 115 110 112 114 115 101 100 96 90 87 85 85 78 72 67 65 63 57 55 57 44 43 38 31 28 23 20 16 17 20 28 32 36 38 42 46 49 55 63 68 73 68
168 176 176 172 170 140 138 135 132 128 124 122 121 117 112 108 107 102 96 82 81 79 76 73 69 67 60 59 52 50 44 40 35 26 25 23 22 21 24 25 37 39 43 50 52 54 63 67 67 69 71 74 79 75 79 84 95 99 103 107 109 117 120 98 94 91 89 87 83 80 76 71 66 62 61 57 53 53 49 40 37 32 30 19 15 13 14 30 25 27 32 43 48 51 54 54 58 56 67 66
176 175 171 167 166 136 131 128 136 124 122 120 126 122 107 104 105 101 93 92 83 82 81 69 65 62 58 57 51 47 39 38 33 36 28 12 22 20 23 28 33 38 43 46 58 58 62 61 63 65 68 72 73 74 75 77 92 97 101 102 107 113 116 120 90 89 85 86 85 82 71 66 62 58 55 52 51 50 45 40 35 33 35 21 13 9 4 6 22 26 27 28 33 42 48 53 53 55 67 63
173 169 168 168 165 160 130 126 125 124 123 119 116 112 107 103 101 98 95 90 90 86 82 70 70 64 53 52 48 43 40 37 32 29 23 9 7 1 10 30 36 39 47 48 53 54 55 58 63 67 72 74 76 79 79 82 87 91 105 106 109 112 115 118 91 87 83 84 78 71 69 65 60 59 57 57 52 51 47 36 34 31 27 19 7 4 2 0 18 23 28 31 36 38 47 48 50 51 59 59
170 167 165 162 161 156 128 125 123 129 120 116 112 109 105 100 99 96 93 88 86 83 81 63 58 57 54 53 53 41 37 33 30 25 20 15 11 10 24 29 31 35 36 43 45 47 51 52 55 57 61 64 67 82 81 84 88 65 62 65 111 114 120 120 85 82 78 74 74 69 67 65 61 58 47 45 44 39 34 31 27 26 24 14 11 9 5 2 23 25 30 34 40 42 44 46 50 53 56 57
174 169 169 160 156 152 150 149 122 118 113 109 108 103 98 96 93 90 93 85 83 82 80 76 65 61 60 59 44 43 38 37 34 26 22 20 15 17 21 26 27 32 33 38 43 44 54 55 57 59 64 69 70 60 56 55 57 61 60 63 116 117 68 65 83 81 76 73 73 72 72 62 58 56 44 41 39 35 31 26 25 24 20 15 11 10 12 7 10 22 32 46 41 43 48 48 50 54 57 59
162 172 151 151 147 146 145 144 138 137 131 114 110 123 94 92 91 89 88 83 82 80 79 74 69 67 55 54 53 48 43 39 36 27 24 23 16 20 25 30 31 35 37 41 42 43 46 49 53 60 66 50 53 56 53 54 56 60 58 61 67 65 67 64 78 74 76 71 69 67 64 62 57 54 43 42 40 39 33 30 30 22 21 17 16 13 17 19 20 21 23 44 43 47 51 49 50 52 56 60
161 152 149 147 143 139 145 140 135 133 129 126 124 122 118 95 94 92 90 96 92 87 82 75 70 65 60 59 58 51 47 45 41 29 25 28 27 23 24 34 32 33 37 42 45 46 51 54 58 36 45 45 50 49 50 52 54 54 56 59 63 63 66 63 64 70 75 68 67 64 62 57 53 49 48 45 44 44 38 35 32 27 26 19 17 18 22 27 23 27 30 32 46 48 53 53 54 57 60 64
156 151 148 141 141 138 136 135 134 136 132 125 120 119 114 111 97 98 95 100 95 89 83 79 74 76 73 69 64 63 54 50 45 49 30 32 32 27 38 37 35 37 41 43 47 50 51 56 58 35 42 44 45 46 49 35 50 49 51 55 59 62 58 60 62 65 70 73 71 67 66 62 57 64 62 49 50 48 41 36 55 32 32 27 26 21 23 27 28 31 34 36 47 48 59 56 57 59 91 96
152 148 143 138 134 137 135 131 130 131 130 128 123 114 112 107 104 102 99 101 98 85 84 88 76 81 78 66 61 58 55 53 50 54 32 39 36 29 43 42 45 47 43 48 53 54 44 40 40 34 38 39 41 45 35 33 34 44 45 50 55 55 56 59 61 64 67 79 76 72 67 65 61 63 61 57 54 65 60 56 54 50 31 28 27 24 27 28 33 38 35 39 50 50 53 57 86 82 86 82
154 136 135 133 133 134 132 128 126 120 122 132 128 120 116 108 108 101 100 103 99 104 87 86 81 76 72 69 61 59 58 54 54 57 36 42 39 41 47 43 46 48 44 45 44 42 40 37 37 29 34 37 26 29 30 32 37 39 41 55 54 54 55 60 65 77 76 78 84 74 71 69 66 70 67 62 55 64 63 58 51 47 36 34 30 35 28 31 38 40 38 43 53 54 75 79 84 78 79 77
149 144 132 130 129 125 121 126 124 119 121 122 131 127 117 114 110 105 104 108 104 109 104 102 75 72 71 67 63 61 60 57 58 59 47 45 40 44 53 48 48 50 46 42 41 36 37 32 33 28 32 23 22 24 26 27 40 42 55 52 49 53 58 59 74 72 73 74 79 81 95 71 77 74 68 67 59 64 54 52 49 46 42 37 33 38 32 34 39 42 43 46 75 73 71 81 80 76 71 75
141 139 134 132 127 120 118 123 118 115 111 108 131 123 120 116 110 108 105 107 106 104 101 99 94 83 78 73 68 66 63 62 60 64 48 47 41 61 55 51 53 53 49 37 38 35 27 31 30 26 27 22 21 26 29 38 35 49 50 46 48 51 53 61 67 68 74 77 79 98 93 91 87 86 82 68 66 61 60 58 53 50 46 41 37 42 37 39 46 48 50 69 66 68 67 60 59 63 70 74
137 135 136 124 122 121 116 116 112 113 109 104 126 121 119 118 114 113 106 106 101 100 96 95 89 86 76 75 69 69 67 64 65 70 50 48 52 57 59 53 55 57 36 35 34 30 26 27 26 24 28 18 16 21 21 29 30 48 47 44 46 48 52 58 62 66 70 86 89 101 96 89 88 80 79 76 71 64 61 59 57 51 48 44 46 41 39 42 44 47 72 67 63 65 66 59 57 61 66 67
131 130 134 124 123 120 115 113 111 110 105 101 99 99 100 121 115 83 79 107 96 94 93 90 85 81 79 78 76 74 71 68 66 71 53 53 53 58 55 50 48 52 40 37 38 26 24 22 21 20 21 21 14 17 20 25 26 27 42 43 46 49 52 55 56 76 80 85 97 97 98 88 83 78 76 72 67 64 62 61 60 54 59 48 47 52 44 44 49 53 57 62 59 64 65 61 56 60 70 72
130 126 124 119 126 121 109 108 107 109 98 96 96 95 96 100 80 79 74 71 63 62 59 57 86 85 84 82 80 76 77 72 71 74 57 60 56 63 51 47 45 44 36 42 32 29 28 21 21 19 20 20 10 13 15 23 24 33 38 40 43 44 47 50 73 74 78 83 92 94 100 101 84 83 78 78 77 77 64 64 61 56 63 56 52 53 55 48 51 57 62 60 55 56 57 57 54 57 59 64
125 123 119 114 113 114 110 110 105 104 93 92 89 92 93 70 70 67 72 67 62 57 55 54 93 88 91 84 89 79 85 80 75 78 58 65 60 48 45 44 43 39 35 37 29 27 23 16 19 16 13 18 6 9 11 21 23 31 36 37 45 47 64 65 70 74 83 86 90 93 98 100 102 83 78 76 73 72 67 65 62 57 74 70 53 54 54 51 64 60 58 54 50 53 54 59 50 51 55 59
122 119 115 113 109 105 106 101 103 99 95 85 84 89 90 66 64 63 60 60 59 54 50 53 58 91 95 89 92 85 83 82 76 79 55 51 47 43 42 42 39 34 33 32 24 20 18 13 12 11 9 1 4 6 8 16 17 26 28 53 50 55 60 64 68 73 76 87 91 94 98 99 103 86 82 78 74 73 69 66 63 67 70 67 64 59 61 62 59 60 59 50 49 54 54 48 46 50 59 52
127 122 120 116 106 103 102 100 101 96 91 85 82 85 87 61 60 58 55 52 51 47 47 48 57 58 97 62 68 89 87 86 90 81 59 53 47 44 40 37 35 33 30 28 23 22 20 15 11 9 6 3 4 7 11 13 18 22 23 55 51 52 54 67 69 74 77 82 99 98 99 100 90 89 85 80 76 72 71 70 66 70 74 66 62 57 57 56 56 61 51 47 47 42 51 46 42 41 46 51
115 123 116 113 109 103 102 95 95 91 86 81 77 81 82 72 62 59 55 49 50 46 45 49 53 53 59 59 65 67 90 87 91 58 56 55 53 49 41 40 38 38 27 25 24 23 24 18 14 10 10 4 9 8 10 18 23 23 25 26 52 57 59 60 65 68 72 77 89 103 105 103 92 90 86 85 77 77 75 74 71 73 76 72 56 55 54 53 54 49 50 45 45 40 36 34 38 40 44 46
114 112 108 112 107 101 98 93 98 86 81 78 76 69 69 70 61 53 50 45 41 45 43 46 48 52 55 58 63 65 68 89 92 63 57 66 65 63 60 45 56 60 33 32 30 27 29 34 25 13 12 9 11 11 13 17 19 24 26 28 36 42 46 50 67 69 77 79 84 85 86 89 95 91 92 90 85 82 78 75 72 78 79 67 65 54 52 50 48 44 41 43 40 38 35 32 33 35 38 47
112 111 107 103 102 97 96 91 89 81 77 75 71 67 65 66 59 59 47 43 39 43 41 44 46 55 60 64 68 70 75 74 73 75 66 63 60 59 58 56 51 52 47 44 31 32 33 23 20 16 14 16 19 15 14 18 20 22 25 30 35 40 44 46 49 73 80 80 89 89 89 85 86 92 89 84 86 81 80 77 83 79 82 63 60 57 52 48 44 40 37 41 37 35 34 29 30 36 41 45
103 102 103 109 104 99 93 89 87 84 81 77 67 66 63 61 57 54 42 40 38 31 40 43 53 51 55 59 61 67 71 73 68 71 74 65 61 60 53 50 46 41 40 39 38 36 38 25 21 18 18 19 23 25 29 31 34 23 30 32 38 41 42 43 46 50 51 67 90 73 86 84 85 87 83 80 78 75 71 81 66 83 85 60 44 43 41 39 38 38 33 26 25 21 30 25 27 33 37 41
103 99 98 96 106 108 100 92 88 85 82 78 73 71 58 56 52 50 41 38 35 30 35 40 49 47 52 56 59 62 64 61 66 71 72 65 61 56 51 50 47 42 44 41 40 37 41 28 26 22 19 23 27 29 33 38 43 47 50 54 59 42 45 48 51 57 62 66 70 70 75 81 80 75 71 71 71 66 67 66 62 63 59 58 45 44 39 38 36 30 28 25 25 20 24 23 27 30 33 37
98 96 93 92 88 98 96 95 93 90 95 70 66 62 64 60 51 46 47 50 31 29 21 43 47 45 49 50 52 63 68 59 63 65 69 65 60 56 54 51 50 55 49 49 46 41 43 48 29 25 20 24 37 33 35 42 44 51 55 58 62 53 49 50 51 55 59 61 62 67 72 78 75 72 69 67 66 64 66 62 57 60 56 54 53 45 41 43 31 29 27 22 21 18 10 18 20 33 34 41
97 95 91 87 85 80 75 73 97 92 60 59 62 57 54 48 45 44 46 46 42 27 20 25 42 41 43 55 48 64 54 58 64 64 62 72 63 56 54 52 52 56 51 52 47 42 47 53 56 26 30 29 41 34 49 46 47 48 49 59 64 69 54 55 59 59 60 62 64 65 70 82 79 75 74 71 66 62 60 58 56 54 52 51 48 46 42 39 34 31 32 25 14 0 8 13 18 38 43 43
100 100 95 92 86 75 72 71 67 66 61 57 59 54 51 49 46 41 42 35 37 26 19 22 40 37 42 48 43 47 53 57 60 63 61 68 69 62 58 53 55 51 48 47 46 44 45 55 60 27 35 37 42 54 52 50 52 54 55 60 65 69 57 57 58 59 60 63 66 70 74 78 81 78 77 73 71 66 67 59 57 55 74 56 52 46 44 39 35 28 23 22 19 15 9 15 20 24 45 47
108 106 103 102 99 103 69 68 65 63 59 55 53 52 47 44 42 39 37 34 36 23 16 21 24 32 34 37 42 47 51 55 57 59 60 64 65 70 59 61 56 56 51 50 46 45 47 49 53 32 37 41 45 50 56 58 56 57 61 70 66 68 70 75 61 62 65 69 74 78 82 86 88 84 80 79 74 69 65 64 62 71 69 67 63 56 48 35 33 29 28 25 14 13 11 14 19 23 28 29
115 111 106 97 96 97 92 72 65 60 54 50 45 51 47 43 42 38 37 32 22 18 15 19 24 29 30 34 39 42 44 60 64 66 65 66 68 81 69 64 59 59 56 55 50 47 49 53 54 33 38 46 49 51 53 57 60 59 60 65 68 71 73 77 71 67 67 71 77 83 88 127 89 86 83 78 75 73 69 67 63 65 64 62 59 55 41 36 34 32 30 28 35 17 12 18 20 22 24 25
98 116 100 96 95 94 91 90 61 58 53 49 44 43 44 41 37 35 33 30 24 17 14 19 24 29 34 36 41 46 49 63 65 68 68 69 74 79 80 73 64 69 62 57 53 53 50 53 57 61 42 53 50 56 58 60 66 61 61 69 74 77 78 82 72 68 68 72 79 84 123 123 126 90 85 109 78 75 73 71 67 71 69 64 54 52 47 46 44 39 36 33 30 29 27 23 27 24 29 30
95 96 92 89 95 91 90 87 53 52 49 46 43 42 41 37 32 30 28 25 21 12 13 17 22 27 31 34 35 40 43 68 70 54 72 71 75 78 73 70 67 64 62 58 58 56 53 57 62 62 74 57 52 60 59 63 70 68 64 70 79 82 85 89 74 71 73 75 82 84 121 120 121 126 110 108 78 76 77 76 86 85 69 66 60 55 48 50 45 40 37 42 36 33 28 25 30 33 34 31
90 86 87 85 81 80 85 82 83 54 66 65 48 40 37 32 30 27 25 20 18 7 10 22 23 25 28 30 36 37 39 43 47 52 57 61 80 85 74 73 72 72 67 60 59 61 54 58 65 68 71 60 57 62 67 72 73 71 68 69 71 83 88 89 93 95 77 80 83 121 119 115 113 106 107 103 102 77 95 84 82 81 82 66 61 60 55 54 49 45 42 40 39 36 33 37 34 40 48 34
88 85 84 81 78 77 82 77 72 65 63 61 58 53 38 37 36 32 27 21 1 3 7 30 27 30 32 32 37 39 43 44 52 54 58 85 84 85 88 78 77 72 70 68 64 59 58 60 62 65 68 65 62 67 69 76 73 71 70 71 72 84 91 92 96 97 102 105 126 125 113 112 110 105 103 100 97 92 91 84 82 78 68 63 59 57 54 53 48 47 39 45 40 39 36 37 38 39 44 47
89 84 87 82 78 73 78 73 68 63 59 56 54 51 46 37 36 31 25 21 17 4 9 14 32 36 39 46 41 44 48 51 56 57 60 90 88 91 95 84 82 78 73 70 68 64 63 65 66 70 73 74 66 71 72 77 79 75 73 76 79 97 96 98 99 99 104 107 111 130 116 113 105 103 98 97 95 91 86 81 78 75 71 67 60 58 56 54 43 42 37 42 29 42 39 40 42 45 49 54
84 80 78 73 72 71 67 63 60 57 56 55 50 47 44 35 34 29 28 25 20 5 13 15 18 37 38 33 44 42 51 48 53 54 58 98 93 95 100 88 83 79 74 73 69 69 68 66 78 75 75 78 82 73 74 76 79 80 76 77 83 102 99 103 106 101 108 110 116 124 120 116 108 106 102 101 98 95 88 84 81 78 73 42 41 36 58 56 40 35 33 30 26 32 13 19 47 46 47 51
94 87 81 78 74 75 70 69 66 62 57 54 49 44 41 40 35 33 35 30 25 6 14 17 21 24 26 29 40 40 42 46 47 54 58 95 94 98 102 90 86 82 77 77 75 73 69 71 83 78 77 80 81 85 76 79 80 105 80 110 108 107 104 109 108 109 113 128 121 125 121 118 114 111 108 105 63 61 63 59 54 51 46 42 37 32 30 34 33 31 28 25 24 28 10 15 16 18 52 53
89 85 83 79 76 76 73 70 69 65 58 57 53 46 47 45 39 39 37 34 26 30 15 20 22 23 31 36 37 39 41 45 46 50 54 74 99 104 108 112 90 86 83 81 86 77 79 75 83 81 86 85 85 88 80 108 103 103 105 107 118 113 108 109 109 113 116 126 128 123 122 77 72 71 69 66 63 59 54 55 50 48 42 38 32 27 26 24 24 28 27 24 21 11 8 13 19 20 53 54
94 89 84 83 86 90 78 75 72 65 61 58 54 53 52 48 42 44 40 36 28 33 18 25 25 40 36 37 42 40 42 48 50 52 66 70 70 70 74 113 116 90 88 84 89 81 77 76 90 85 87 98 88 112 108 107 102 100 102 101 116 115 111 112 111 116 121 123 127 88 85 82 78 74 59 58 55 54 50 49 44 43 38 35 32 25 24 23 19 23 17 19 18 7 7 9 15 18 20 58
96 94 91 88 92 84 82 77 75 76 64 60 58 56 55 58 45 48 44 49 53 34 20 26 30 45 40 41 46 43 44 53 56 61 63 66 67 68 77 116 118 92 89 85 93 84 82 78 89 88 92 97 98 109 105 105 104 96 99 100 103 83 86 91 96 119 123 134 133 138 83 79 75 70 68 64 61 56 49 47 42 39 35 30 27 24 20 19 16 12 12 6 14 2 5 5 12 13 16 20
100 95 92 91 92 90 87 82 78 68 64 61 60 58 57 60 46 50 48 54 55 57 59 31 53 49 44 42 50 52 59 57 58 62 64 69 70 75 76 77 96 94 91 90 90 87 86 82 85 89 96 102 101 109 104 102 100 95 99 101 82 79 81 83 84 74 73 133 130 126 82 77 75 74 63 65 60 57 54 44 43 42 40 34 30 28 16 15 13 8 7 2 0 1 2 3 7 12 24 27
98 96 96 93 98 94 90 83 80 70 68 65 63 63 60 64 49 64 63 59 63 66 61 65 58 53 46 50 53 58 62 58 60 79 76 74 75 76 77 97 98 96 94 98 93 89 92 85 93 92 98 101 96 91 88 107 94 92 94 97 78 74 75 70 73 69 72 74 128 124 128 80 78 67 62 58 56 55 52 51 47 48 42 33 31 29 22 18 17 18 13 9 4 9 11 12 17 20 22 25
105 101 97 97 98 99 93 84 80 75 70 75 65 65 64 68 69 68 64 62 66 70 64 68 61 56 48 57 54 59 64 66 68 83 81 77 82 86 91 94 99 100 100 96 92 91 94 96 96 93 106 108 92 89 84 95 94 89 92 72 74 73 69 68 70 68 69 70 126 122 121 125 115 72 67 60 58 60 53 52 48 52 35 32 29 27 25 20 19 19 15 12 8 14 19 14 15 16 19 24
108 104 109 101 103 105 88 83 81 78 72 78 69 66 65 71 81 68 67 72 74 76 81 85 63 53 49 59 57 60 62 64 69 88 91 81 85 87 96 98 102 104 107 101 93 95 96 98 101 104 102 95 93 88 83 77 89 85 92 68 64 68 64 65 70 65 70 126 120 118 119 107 112 100 68 62 61 65 56 51 49 45 41 36 37 31 28 25 28 24 19 17 12 17 22 24 19 24 27 26
110 107 109 105 104 92 91 88 84 79 77 78 74 68 67 82 77 74 70 77 78 79 81 86 88 54 50 54 62 62 63 68 71 89 93 97 86 89 93 96 97 99 102 104 101 96 99 103 107 102 98 103 83 81 79 76 80 82 87 91 63 64 60 63 65 62 66 123 118 113 111 104 109 96 98 92 87 84 79 83 52 47 43 33 32 31 29 30 31 29 21 25 23 18 23 26 30 27 32 28
113 109 128 127 105 96 96 86 83 81 78 80 79 93 91 86 80 77 74 76 80 83 88 90 59 55 53 56 65 66 64 69 72 90 98 100 95 93 94 96 97 99 104 109 105 105 104 100 97 95 93 86 79 75 75 74 75 79 84 63 61 59 55 59 64 59 61 60 113 110 107 102 107 94 97 89 86 80 78 84 89 44 39 35 33 32 31 32 27 24 22 30 22 19 27 30 32 31 36 31
116 121 126 124 120 115 111 110 106 100 97 95 93 90 86 84 83 78 82 81 82 85 93 94 61 58 58 61 66 71 67 73 75 77 102 99 98 96 101 104 107 108 127 108 107 110 105 105 96 91 89 84 74 73 72 69 73 83 84 62 59 54 53 54 49 57 58 55 58 104 102 100 104 91 91 88 83 86 76 80 82 39 38 37 34 35 34 30 28 34 30 28 26 24 28 31 34 38 37 41
121 125 129 119 115 111 106 105 103 101 98 101 96 91 90 89 84 83 85 86 87 97 96 68 63 63 60 64 70 75 72 75 76 81 104 106 102 98 102 109 116 120 123 125 111 108 103 101 92 89 86 83 79 71 67 65 69 86 86 65 63 55 50 46 48 52 53 54 58 56 62 95 96 89 86 84 82 82 75 78 43 42 44 41 37 36 33 31 29 42 40 36 32 28 31 34 35 38 38 43
122 123 120 119 116 114 109 107 105 112 107 103 109 107 103 98 92 87 91 90 95 102 99 72 65 67 68 76 72 74 75 79 84 86 106 105 104 102 106 109 114 115 119 123 113 102 101 99 97 93 87 79 74 69 65 61 65 69 59 62 48 51 46 45 43 47 51 56 50 55 57 91 91 87 84 80 77 77 72 71 75 77 79 43 41 37 34 32 32 43 41 39 37 32 35 36 39 44 46 56
123 124 129 124 119 116 114 121 119 115 111 104 101 99 97 95 94 89 93 97 109 107 101 74 69 71 85 80 76 79 82 82 88 89 107 108 107 107 108 109 119 123 117 113 108 109 104 104 102 95 82 79 77 64 61 58 59 52 54 59 43 40 44 43 40 45 50 47 48 53 97 88 87 90 76 78 75 75 70 68 70 74 77 82 43 39 38 34 65 56 55 44 40 34 39 38 40 44 47 52
131 129 133 121 118 116 115 117 123 116 115 106 104 100 100 98 99 91 96 98 124 126 129 130 74 89 87 83 79 81 86 91 93 92 121 117 113 109 113 112 121 114 112 109 106 104 109 108 104 80 78 77 74 68 57 56 55 51 49 44 38 36 43 39 37 38 46 46 47 98 93 88 83 78 75 73 70 70 69 67 68 68 82 78 81 42 63 64 60 55 50 48 43 38 44 48 42 45 52 57
136 134 137 126 123 120 120 124 121 119 114 111 107 105 104 99 104 109 111 120 121 125 129 132 135 93 88 88 84 86 88 93 95 127 123 122 115 110 113 117 112 111 107 104 100 99 97 101 92 87 83 73 72 63 57 55 54 50 47 43 33 32 38 34 35 36 41 42 45 47 89 82 79 75 71 69 66 65 59 63 65 66 71 75 79 68 60 59 55 53 51 50 45 43 49 53 46 48 53 68
139 135 136 134 132 129 125 122 120 116 113 112 110 112 105 101 106 114 117 118 120 123 126 128 132 98 101 93 89 94 99 101 103 127 127 118 117 112 116 118 119 116 109 104 101 98 94 97 89 88 74 71 68 58 57 52 49 47 42 38 35 29 34 33 38 41 44 46 47 88 84 81 80 80 74 72 64 61 57 59 63 64 71 73 61 64 61 63 62 58 52 54 47 45 51 52 53 54 61 65
143 140 143 141 140 126 125 124 122 117 118 117 113 113 105 102 111 115 121 123 123 128 130 132 134 102 96 95 92 98 104 108 120 124 127 123 119 116 121 119 120 99 94 103 98 94 89 94 98 83 70 68 65 60 57 55 54 42 38 33 31 28 33 30 34 37 42 46 57 58 89 85 57 53 68 67 62 57 54 58 59 62 67 69 58 63 60 61 67 63 57 61 60 58 53 58 54 57 59 62
148 142 141 139 137 133 129 133 129 128 124 121 119 116 112 107 112 113 122 128 124 127 132 134 138 104 101 97 96 102 109 113 118 122 130 128 120 121 103 100 99 96 93 94 89 90 87 88 84 80 69 67 63 62 43 59 40 39 35 30 29 26 27 29 33 35 39 44 54 56 60 57 54 51 48 45 55 54 52 56 57 64 52 58 55 58 59 64 65 62 61 65 61 60 55 60 59 60 63 63
151 147 146 151 150 145 142 138 134 132 125 125 121 120 115 108 113 116 124 128 127 132 133 144 149 109 105 109 101 114 112 114 119 122 126 129 121 125 117 109 106 102 92 91 87 86 84 83 79 76 73 70 49 47 42 39 36 35 31 28 23 22 24 26 30 39 27 52 51 53 55 57 52 47 45 44 42 46 47 44 48 47 51 49 54 58 61 65 70 67 63 67 68 64 66 65 63 67 66 68
152 148 151 156 151 149 144 143 138 134 147 125 124 129 112 109 110 118 123 134 131 136 137 142 145 147 108 111 104 115 115 117 94 97 104 104 109 114 112 107 102 99 92 90 92 85 85 83 78 73 74 67 63 61 42 41 33 31 29 26 22 19 13 14 15 22 23 51 47 51 55 56 48 46 45 43 39 45 42 43 45 46 49 45 49 52 58 61 62 65 68 76 78 66 68 67 72 72 70 73
152 150 156 155 153 151 147 142 139 144 145 129 125 134 114 112 114 123 127 135 135 140 139 146 148 152 154 104 102 99 100 93 89 93 102 103 108 108 107 103 100 96 94 86 89 84 86 83 76 71 69 68 62 59 59 42 47 29 24 21 19 1 10 11 15 20 22 47 44 43 43 52 47 48 46 40 36 41 38 40 45 41 45 44 48 54 55 59 61 63 66 73 77 80 74 69 76 77 74 78
155 151 169 168 156 155 144 142 141 148 150 151 129 136 141 113 118 120 154 150 146 145 143 147 111 108 106 103 99 97 91 88 84 89 98 100 105 104 105 102 93 90 89 85 84 82 81 80 78 77 73 64 60 58 55 45 42 32 27 26 23 18 21 32 37 38 26 47 42 38 42 47 46 43 42 38 35 38 35 37 35 37 38 43 46 49 50 54 56 60 64 69 74 75 79 70 85 81 75 81
168 165 164 163 159 154 151 149 145 147 154 144 143 139 142 118 121 160 156 153 149 147 146 147 108 103 101 98 97 92 90 86 81 85 93 95 101 103 101 100 95 90 89 88 89 87 83 79 77 72 68 63 61 57 52 39 37 35 30 29 25 19 24 27 30 31 33 41 40 37 38 43 36 35 37 34 30 30 33 36 33 35 36 38 40 45 48 53 61 62 65 72 73 78 87 86 84 82 87 82
176 173 171 168 162 157 151 150 148 151 155 152 147 144 148 120 121 125 156 154 152 150 153 157 107 104 100 95 93 88 87 82 79 84 88 91 96 98 121 115 113 91 103 102 87 85 84 81 79 77 73 64 55 52 47 43 39 40 39 34 28 23 25 28 31 35 38 39 34 33 29 29 36 34 32 27 28 25 29 34 32 35 38 43 45 49 52 56 63 68 67 77 74 75 76 91 87 86 87 85
172 171 167 163 162 158 154 154 153 154 157 156 149 148 150 154 158 161 160 158 157 153 157 103 102 99 94 90 88 86 82 78 77 81 83 85 98 123 118 114 109 106 101 97 94 90 89 84 82 79 75 56 55 52 51 47 49 46 43 39 32 27 27 31 34 37 40 33 31 29 26 25 22 34 30 26 20 23 24 29 31 35 40 45 48 54 59 62 64 73 68 80 77 80 85 91 88 90 103 90
174 173 170 166 166 163 156 157 157 166 161 159 151 153 152 157 160 163 165 160 159 155 105 100 99 96 93 89 84 82 78 75 73 76 85 79 81 54 63 119 108 106 104 101 98 95 86 85 85 69 65 63 60 54 52 50 46 41 40 38 34 31 28 33 38 39 43 34 36 34 28 24 20 18 26 22 19 19 22 26 30 34 35 37 41 56 55 58 62 65 70 84 78 82 93 93 90 95 99 103
189 185 175 174 169 166 171 160 169 166 165 161 152 155 155 159 164 167 170 172 162 158 104 102 101 98 95 93 89 83 80 73 72 74 77 76 58 53 58 61 116 113 109 111 59 56 52 49 56 53 66 69 64 59 54 49 47 45 44 39 38 39 29 36 42 44 48 47 38 23 19 17 15 13 10 17 15 18 19 24 27 29 33 38 46 52 54 56 61 67 68 73 79 84 89 91 92 96 100 103
186 184 180 175 174 169 173 170 166 165 160 159 156 157 159 160 166 168 170 167 164 161 164 105 131 127 93 89 85 84 77 73 71 70 69 71 73 52 47 50 53 116 110 59 56 54 49 45 42 50 52 52 66 64 57 50 48 47 46 41 42 42 33 49 45 50 53 43 39 37 16 13 12 10 7 2 0 17 21 26 30 34 37 40 45 48 51 56 57 62 67 70 75 78 92 95 97 99 103 132
188 186 185 179 178 180 175 172 167 164 163 160 157 161 166 163 165 171 172 172 169 164 136 132 129 125 130 93 85 81 76 71 66 65 64 69 71 47 44 49 49 53 51 46 62 48 45 44 41 46 47 50 66 65 56 55 51 50 48 43 48 43 45 52 50 52 36 38 38 32 22 18 15 12 8 6 17 20 23 31 37 38 39 41 43 46 50 55 59 64 67 72 77 78 94 99 101 102 126 130
191 189 188 192 182 166 178 176 172 168 166 163 168 173 174 158 162 176 144 139 140 135 134 129 124 122 94 90 87 83 76 75 70 63 62 58 54 48 43 44 44 51 50 45 58 55 50 44 40 45 47 56 69 67 62 60 52 54 53 47 52 44 46 51 39 37 35 35 34 30 19 15 14 13 12 10 19 25 27 32 36 41 45 47 49 48 53 56 61 66 68 85 80 85 86 103 106 126 124 126
194 191 155 158 160 165 167 164 158 155 167 166 172 178 152 155 158 159 143 138 139 134 134 129 125 120 123 87 83 80 77 74 70 59 57 53 51 47 42 42 40 39 44 42 37 33 43 40 39 41 49 52 56 70 66 61 60 59 56 57 52 53 52 49 49 38 33 30 28 26 22 20 17 15 17 14 18 30 30 33 39 44 47 51 53 54 58 75 73 71 75 81 83 88 92 96 120 116 121 124
152 150 151 153 154 166 165 160 156 151 149 148 176 152 147 150 151 140 139 137 133 130 128 123 122 117 118 113 80 77 70 69 67 66 58 51 49 46 41 39 37 37 39 40 35 31 33 38 36 41 45 49 54 73 71 73 61 60 54 53 51 49 48 47 44 39 34 31 30 27 23 25 19 17 19 18 20 34 32 50 49 46 51 56 60 63 66 72 70 75 77 79 80 97 102 120 115 114 117 121
149 145 148 152 154 124 137 132 128 149 145 146 149 148 146 149 137 136 134 129 128 125 129 124 121 116 111 108 112 73 72 68 62 61 56 49 48 47 46 36 35 33 34 36 34 30 30 29 32 37 42 52 40 45 45 71 69 65 60 55 56 54 53 48 46 43 38 35 32 30 27 26 25 21 21 47 41 39 44 48 52 49 56 57 58 60 63 67 69 74 75 80 98 96 99 102 111 113 116 119
147 144 149 148 156 122 131 128 127 146 144 142 147 148 143 141 134 133 130 128 125 124 120 118 115 113 108 105 98 71 67 66 61 57 54 50 46 45 41 37 32 28 22 26 28 27 25 27 31 32 30 34 39 41 44 49 48 75 67 65 61 57 55 53 48 46 48 38 33 33 32 29 26 25 50 46 44 41 45 46 56 50 57 58 63 65 70 70 72 79 78 81 94 95 98 100 107 110 112 120
146 142 144 147 151 121 120 123 125 130 143 139 144 148 139 138 142 130 128 122 119 116 121 119 110 108 105 101 96 100 73 70 65 62 56 54 49 37 30 39 27 23 19 25 24 21 20 22 24 28 29 30 38 39 39 45 45 72 69 67 62 64 60 64 69 48 51 45 41 40 38 33 30 33 53 51 45 44 47 49 50 54 56 58 64 69 70 71 73 86 82 86 91 93 95 99 102 103 104 105
137 140 145 146 148 119 116 118 123 122 140 136 141 141 136 134 139 125 124 119 117 113 109 108 105 100 98 97 94 95 74 73 66 73 44 40 36 32 28 26 19 16 14 12 11 18 16 19 22 27 28 29 34 35 38 40 41 44 74 70 65 69 64 66 70 68 55 62 42 43 43 35 35 39 54 55 48 49 50 54 59 57 58 59 66 71 73 76 78 91 86 90 91 96 99 101 105 105 107 110
134 137 140 117 118 114 112 114 118 117 135 133 127 136 132 133 138 140 120 118 113 110 105 104 103 98 97 93 90 90 83 80 75 71 69 68 31 29 25 24 14 13 11 9 8 16 14 16 19 24 27 32 34 38 41 44 47 52 76 74 73 72 69 67 72 65 61 57 52 48 47 42 37 41 59 57 49 50 57 55 60 66 62 67 71 72 83 79 83 93 87 93 94 105 103 104 106 109 108 114
129 132 134 113 118 103 107 110 112 116 118 129 124 128 130 132 134 138 119 121 120 117 112 108 103 101 94 92 88 86 81 75 71 66 66 63 34 31 23 22 21 17 13 8 3 0 9 13 24 25 29 34 38 39 44 48 49 52 79 76 75 74 73 71 77 68 63 60 53 53 52 47 42 67 62 59 63 76 64 60 61 63 63 69 72 77 82 87 98 94 99 98 101 109 106 109 111 114 111 119
128 127 112 110 103 102 105 106 110 111 113 117 121 124 127 131 135 123 116 116 116 111 107 102 101 98 98 93 86 81 76 73 66 64 61 58 39 35 37 27 30 25 23 13 8 7 13 16 33 28 31 34 42 50 55 52 50 53 56 84 82 77 80 81 70 69 70 65 67 57 49 48 72 68 66 64 66 71 63 61 63 68 73 71 76 79 87 92 101 96 98 102 102 110 111 113 116 117 127 131
120 125 107 106 102 99 101 102 106 107 108 113 117 120 129 136 120 119 115 112 111 109 105 99 97 95 94 91 87 83 72 70 66 63 61 57 50 50 30 29 22 21 19 16 11 9 12 14 26 31 36 39 41 46 48 57 59 59 60 59 86 78 80 81 74 72 72 70 68 72 56 51 76 72 73 67 71 76 65 66 71 72 78 83 80 84 88 93 97 97 101 104 107 114 119 117 117 119 122 124
116 120 99 92 100 97 96 99 101 105 110 114 118 123 131 137 124 121 113 109 108 105 102 98 97 92 91 87 86 81 77 72 63 61 55 52 45 45 44 27 26 24 22 19 16 20 15 17 22 41 37 43 45 47 48 53 54 55 57 58 60 81 84 85 86 73 78 75 70 99 95 79 78 76 78 79 74 73 68 67 68 75 79 90 85 86 98 96 98 98 103 104 109 116 124 119 118 121 124 126
111 106 94 91 88 89 91 93 87 84 81 84 123 126 142 140 98 96 115 111 114 110 105 99 98 96 95 93 91 84 79 76 62 57 52 48 43 42 40 36 32 28 24 20 20 23 18 22 25 47 42 44 49 51 53 58 55 56 61 62 67 70 87 90 94 75 105 79 98 94 91 83 81 80 82 84 88 78 70 75 70 78 81 91 86 91 93 97 102 99 102 105 111 115 119 127 124 122 128 130
107 102 98 89 85 84 87 89 86 81 80 82 86 85 88 101 97 95 115 113 119 117 112 107 102 97 102 92 90 86 83 80 63 58 54 48 46 46 43 41 37 33 28 23 25 29 21 27 27 48 46 50 54 56 54 73 77 65 62 66 71 74 90 94 96 101 104 102 98 94 89 84 83 84 85 86 91 83 73 77 78 80 95 93 88 94 94 97 98 103 105 106 107 112 120 124 127 126 131 135
102 99 94 89 86 83 88 89 80 77 75 80 79 81 85 92 88 91 95 115 120 122 116 112 107 100 104 93 90 87 84 67 65 63 59 50 48 49 49 45 39 36 32 24 28 29 34 31 28 32 47 51 56 60 65 70 72 77 67 68 70 72 92 96 97 99 109 106 99 97 90 88 87 90 87 88 92 95 74 80 83 84 100 98 90 98 97 99 100 107 110 107 111 112 115 120 121 138 135 139
106 95 93 92 87 82 90 93 97 74 71 75 77 78 81 90 85 86 91 90 99 95 97 113 106 110 98 94 92 91 72 70 65 64 61 63 49 52 54 44 41 38 33 26 30 35 35 35 29 33 34 53 60 61 65 74 77 79 83 73 73 76 96 99 100 103 106 104 101 118 94 89 92 92 94 89 94 99 104 107 112 117 104 102 95 102 105 106 101 109 112 117 122 116 117 120 123 128 136 143
86 90 90 88 83 81 89 90 96 61 67 70 70 74 75 86 81 85 89 88 86 90 93 97 102 107 88 83 82 81 76 73 66 68 65 62 59 57 50 49 46 40 42 27 34 39 36 40 34 37 37 55 57 63 68 75 81 84 85 89 76 79 84 87 92 108 111 106 119 114 113 110 105 100 95 92 93 104 108 109 113 120 112 107 111 104 108 108 105 114 119 121 126 117 120 124 124 128 132 145
82 86 93 87 82 78 84 88 92 60 62 69 66 69 70 74 78 80 89 90 85 87 88 90 101 106 97 87 85 81 78 75 80 71 75 65 63 62 66 52 50 42 47 30 33 44 40 42 38 40 62 59 60 67 69 78 91 90 87 90 80 85 90 90 95 148 146 110 120 119 120 115 108 101 96 93 97 116 113 117 118 122 113 108 109 108 110 108 106 117 117 121 125 129 131 132 135 133 137 146
81 85 88 85 79 77 80 82 61 57 57 63 63 67 70 72 76 79 84 82 80 78 92 101 96 100 96 100 98 95 89 84 79 76 73 71 67 71 70 53 54 50 49 32 35 46 41 42 42 44 49 62 60 70 74 95 92 94 88 92 81 88 91 92 97 145 142 141 122 121 123 119 100 99 98 97 101 118 114 119 123 127 117 112 117 113 112 112 110 114 116 119 120 134 136 139 144 146 148 149
79 77 87 82 77 72 76 79 81 52 54 58 61 62 66 68 73 72 86 82 78 76 78 89 92 98 95 100 95 93 90 88 83 79 74 75 72 77 85 91 55 53 51 33 38 49 44 53 52 47 54 55 58 62 63 65 95 99 92 95 83 87 113 93 158 143 141 138 135 130 128 104 103 100 101 101 105 110 111 116 117 134 120 113 121 125 116 116 113 116 119 122 141 139 143 144 145 151 152 154
74 76 82 77 73 69 72 75 53 51 49 50 55 62 65 67 68 71 73 75 76 75 82 85 88 93 94 100 109 97 94 89 86 81 78 81 77 79 83 86 88 41 37 35 38 43 44 56 54 52 58 57 62 64 68 73 96 98 102 103 107 108 109 114 156 149 144 139 136 135 132 108 108 102 103 111 107 114 119 124 128 132 136 117 125 130 121 118 123 121 122 123 124 141 147 150 151 152 154 157
73 72 67 72 71 66 69 73 50 49 48 53 63 59 61 65 67 68 73 71 71 74 77 82 84 99 91 98 106 108 111 91 95 83 82 80 78 84 86 91 46 43 40 37 41 46 50 53 55 53 67 62 64 68 73 77 81 101 103 104 105 108 112 157 154 149 148 141 140 139 136 115 111 103 105 114 109 118 122 124 128 129 134 139 127 142 143 150 126 122 124 128 126 130 148 153 155 153 154 159
65 61 63 61 64 62 67 58 55 47 45 50 55 58 59 68 68 69 75 70 67 69 74 76 96 94 89 93 101 102 107 112 115 85 83 81 79 86 89 91 52 47 41 42 53 50 51 52 59 62 67 65 67 71 75 80 81 105 106 105 110 112 117 159 158 154 152 142 141 130 128 118 115 118 107 123 122 119 121 122 126 127 128 129 134 139 143 146 151 126 137 132 128 133 135 155 160 157 158 163
63 59 60 58 56 59 62 67 46 45 43 50 54 57 61 66 63 64 68 69 66 73 74 84 95 91 88 92 97 99 100 113 106 97 88 83 81 88 94 95 53 49 53 43 54 52 55 53 64 65 69 68 71 72 74 77 86 91 110 107 110 115 122 161 159 157 153 143 133 128 123 118 116 119 129 125 128 123 128 131 138 141 146 130 131 144 145 148 153 127 142 135 129 137 142 158 161 159 162 165
59 58 60 52 51 56 59 63 50 46 42 48 50 54 51 57 58 64 69 65 64 68 73 81 84 85 84 88 93 96 101 103 102 94 89 87 84 101 98 103 106 52 57 60 56 55 57 60 68 69 75 71 75 77 78 80 82 86 112 109 115 117 120 121 162 145 140 135 134 130 128 121 119 122 139 129 127 126 130 131 136 138 141 143 148 145 149 152 155 160 139 136 131 141 146 151 154 160 164 168
57 56 55 51 49 53 52 56 46 43 41 43 47 50 50 52 56 60 61 67 63 70 74 76 79 88 83 85 96 99 104 106 101 98 94 89 86 107 103 106 107 111 64 62 59 58 61 64 65 67 80 74 77 79 82 84 86 91 95 97 118 121 122 124 143 139 137 136 137 133 130 122 121 141 138 136 134 129 135 135 138 141 144 146 151 152 162 165 169 143 142 137 141 145 147 152 156 158 163 167
54 53 52 50 46 50 49 51 41 40 36 40 45 46 48 50 54 51 70 66 62 66 70 72 77 74 78 83 97 104 107 107 106 99 97 91 89 110 105 110 111 113 115 64 61 60 64 69 66 70 78 77 81 84 89 94 89 93 94 120 119 120 122 123 142 141 141 139 143 135 131 123 125 137 136 134 131 130 132 136 139 145 149 152 152 156 160 165 166 143 142 141 144 148 152 157 158 159 166 171
57 52 47 46 42 46 45 41 32 39 34 39 43 39 44 47 43 49 68 64 61 63 65 70 72 73 77 81 86 91 94 110 111 116 98 92 93 115 109 113 119 116 120 83 66 72 67 68 69 72 83 81 82 85 89 90 99 96 101 105 120 124 127 131 146 143 146 140 145 138 129 127 146 142 139 138 133 134 134 140 141 144 150 157 156 158 164 166 169 159 149 146 147 151 153 162 163 160 167 169
52 47 44 44 40 32 40 38 31 32 30 33 40 37 40 39 41 45 47 48 56 61 66 68 69 71 72 75 91 86 89 91 113 121 99 101 96 115 114 115 122 117 79 78 74 73 71 73 76 78 80 83 83 87 92 95 98 101 104 106 107 110 115 122 149 146 149 145 150 151 131 132 150 147 144 143 137 135 136 144 144 149 150 160 159 160 169 169 174 158 153 149 150 151 153 167 164 171 169 170
54 45 40 39 35 29 33 35 30 32 29 31 40 36 35 38 40 43 47 47 52 57 57 62 65 66 68 78 81 84 88 88 89 123 102 105 107 121 119 120 122 122 84 79 79 78 74 74 79 82 84 86 84 89 93 99 101 103 109 109 111 112 116 117 120 151 153 152 151 153 155 164 163 152 147 145 148 138 137 148 147 153 155 164 160 162 166 170 177 178 154 151 153 154 159 169 168 174 173 175
45 42 42 34 31 28 30 34 25 27 27 26 29 35 32 35 39 42 43 44 49 53 55 57 67 67 69 74 77 81 84 85 90 94 95 100 111 123 124 123 126 129 84 83 79 78 76 81 83 83 84 85 89 93 97 102 103 105 114 112 115 119 133 121 121 155 159 157 153 154 157 159 161 166 148 147 148 147 142 145 146 158 168 167 165 166 167 171 174 176 181 186 189 190 191 192 173 178 174 179
41 39 37 32 28 23 17 15 20 23 26 22 25 32 31 35 43 43 46 50 54 55 59 60 68 70 72 77 81 85 89 87 90 94 97 98 116 138 133 128 133 134 89 87 92 83 81 82 86 84 87 88 94 95 97 104 109 112 121 117 121 126 131 135 138 167 163 161 157 155 159 164 163 161 157 152 153 151 147 149 157 159 172 169 166 169 171 172 178 177 184 190 193 195 200 205 206 180 178 182
46 42 39 23 21 18 16 13 15 19 23 21 22 27 30 32 37 46 49 53 55 57 59 63 70 73 77 80 84 86 92 88 92 100 103 111 111 118 135 129 134 93 90 89 95 88 85 83 87 89 90 94 99 103 99 105 113 126 124 120 126 127 129 133 135 137 164 166 158 159 176 172 168 164 154 153 157 152 149 152 155 157 175 170 170 171 173 173 176 179 182 183 194 200 202 207 211 183 188 184
46 44 26 25 21 17 13 8 15 16 21 19 21 23 26 30 42 46 48 52 54 58 67 68 69 73 81 82 86 87 94 92 95 97 102 107 110 113 118 134 139 98 93 93 95 90 86 84 94 90 93 95 97 99 100 108 118 134 129 125 129 131 134 136 139 146 168 169 162 161 182 177 169 165 157 156 158 153 150 154 157 159 162 167 172 174 178 178 181 182 183 185 189 202 206 212 217 187 193 189
50 27 24 21 18 13 10 0 10 14 17 18 23 28 29 33 47 49 53 57 58 60 64 69 71 72 83 86 87 90 95 96 96 98 107 110 111 112 143 139 142 100 97 96 100 94 88 88 97 92 94 100 102 100 103 104 106 108 131 127 138 133 136 137 139 144 145 190 189 186 184 182 162 161 160 158 156 155 153 157 160 163 167 168 189 185 182 181 185 183 187 189 194 195 210 216 219 220 197 194
1 42
2880 2876 2873 2855 3211 3204 2709 357 578 588 20 2638 2302 17 20 2953 2961 3096 3091 3087 3083 3096 4831 4834 4837 1670 1666 1675 1890 1889 1872 1873 1148 1128 2643 2658 2659 2662 2665 2668 2672 2676
30 2
4856 4842
4852 4841
3915 3910
3924 3920
3925 3924
3930 3929
3931 3934
3935 3936
3937 3938
3942 3946
3946 3947
1148 1145
1146 1144
1142 1140
1132 1138
1131 1136
1130 1128
1129 1127
1124 1122
1122 1120
1119 1116
1116 1115
1111 1096
1113 1109
4540 4532
4553 4551
4557 4553
4560 4556
4564 4561
4569 4565
1 25
1203 1188 1205 4383 4370 4371 4406 4398 2036 3293 2517 2527 4004 4019 2337 2335 1395 1384 3772 1982 1964 4557 2737 589 578
20 12
2537 2536 2537 2542 485 480 477 477 481 480 484 2331
2534 2535 2538 2540 481 479 474 475 477 479 482 2328
2529 2531 472 471 473 469 470 471 478 2320 2323 2323
2526 2528 471 468 472 465 466 467 470 2316 2317 2322
2521 2525 2527 464 456 461 460 461 2298 2312 2316 2320
2516 2513 2519 462 452 457 458 460 2294 2310 2313 2319
2520 2526 462 444 450 454 458 2297 2292 2305 2307 2317
2524 2528 463 461 452 458 460 2294 2288 2302 2304 2312
473 470 468 473 455 460 2290 2289 2286 2301 2303 2308
1417 472 472 1410 458 464 2294 2293 2290 2302 2307 2310
1416 1409 1410 1405 1406 469 2299 2310 2308 2305 2310 2312
1415 1408 1407 1402 1404 2197 2201 2204 2313 2309 2320 2317
1411 1407 1404 1399 2189 2194 2198 2200 2203 2330 2325 2321
1402 1397 1393 1391 2180 2192 2194 2195 2197 2335 2330 2322
1406 1399 1397 1397 2196 2193 2199 2201 2071 2072 2331 2332
1407 1399 1398 2200 2198 2202 2204 2066 2066 2057 2058 2062
2705 1405 1401 2204 2202 2203 2065 2063 2061 2054 2057 2062
2700 1408 1405 1411 1409 1397 2068 2055 2046 2053 2056 2057
2687 2699 1410 1408 1407 1394 1405 2060 2058 2058 2060 2065
2698 2701 1415 1412 1408 1404 1407 1409 2062 2060 2063 2066
2 73
4770 4765 4751 4766 4768 4941 4937 4938 4941 4945 4948 4953 4176 4172 4171 4169 4168 4161 4147 4142 4139 4138 4128 4147 2891 2907 1896 1375 1361 1374 1378 1379 1381 1386 1461 1459 1457 1468 1472 1473 1476 1478 2064 2060 2055 2054 2041 2055 2059 2061 2066 2071 2074 3395 3394 3380 3376 3369 3373 3375 1634 1633 1639 1685 1693 1699 1701 1703 1705 1708 1714 1717 1722
4771 4763 4760 4765 4949 4947 4927 4936 4937 4941 4945 4950 4177 4175 4170 4168 4163 4160 4156 4153 4148 4145 4143 2905 2903 2908 1910 1373 1371 1376 1381 1380 1383 1462 1460 1457 1446 1465 1467 1468 1472 1475 1477 2850 2847 2844 2843 2856 2064 2067 2068 2070 2072 2074 3390 3389 3386 3384 3374 3379 1633 1616 1634 1676 1689 1694 1697 1702 1707 1709 1713 1714 1717
49 2
4077 4088
4070 4085
4090 4090
4093 4092
2260 2263
2258 2258
2255 2255
2243 2251
2254 419
421 404
4167 415
4165 3579
4157 3574
4163 3584
1983 1964
1987 1973
1991 1994
1996 1995
1997 2001
2775 2776
2772 2761
2767 2763
2770 2767
2742 2743
2737 2740
2735 2737
2716 2732
2723 2736
4166 4169
4154 4171
4155 4158
4159 4164
4163 4165
3792 3796
3789 3792
3786 3789
3785 3788
3780 3767
3777 3766
3779 3119
3129 3111
2271 2732
1204 1212
1212 1217
1214 1219
1219 1222
1221 1224
1226 1230
1228 1233
4 10
2784 2783 2781 2775 2774 2769 2766 2761 2763 2767
2782 2780 2777 2772 2768 2765 2761 2759 2763 2766
2788 2783 2781 2777 2773 2769 2761 2757 2761 2754
2789 2788 2784 2779 2778 2752 2748 2740 2748 2750
19 2
1731 1728
1730 1725
1713 1709
237 1720
219 141
142 126
1976 127
581 131
574 586
594 591
597 596
1440 1443
1437 1440
1436 1437
1433 1444
1434 1436
1436 1438
1439 1443
1443 1446
3 1
1470
4510
3998
5 5
1 2 3 4 5
2 9 3 9 6
3 3 0 8 7
4 9 8 9 8
5 6 7 8 9
3 2
1353 1697
2222 2859
3998 231
2 17
2985 2997 3001 2340 2339 2039 4571 4553 4544 4549 4693 4688 4686 4684 4690 4694 4696
2996 3002 2340 2338 2336 3018 4554 4533 4539 4540 4692 4690 4690 4689 4694 4698 4701
9 10
1582 1579 1576 1576 1572 1576 1580 2094 2090 2094
1569 1575 1574 1571 1568 1572 1577 2091 2086 2088
1567 1565 1559 1557 1564 1564 1570 2089 2084 2087
1565 1564 1558 1556 1561 1562 1566 2080 2079 2082
166 1560 1557 1555 1558 1566 2082 2078 2074 2061
162 1558 1555 1553 1557 1560 2078 2074 2069 2059
157 160 1554 1550 1552 1556 2079 2078 2072 2061
153 157 1550 1547 1552 1553 1554 2083 2088 2065
139 154 1546 1541 1553 1558 1563 2086 2089 2090
5 36
2163 2163 2166 2169 132 127 115 132 2075 2073 2078 2082 2093 739 742 740 735 731 731 732 733 991 992 995 1003 1005 1006 2810 2804 2800 2795 2790 41 60 1502 1503
2143 2158 2163 2166 131 129 131 2073 2072 2068 2087 2090 2092 738 737 732 731 730 727 730 733 987 995 997 1000 1005 2808 2806 2802 2801 2800 2797 54 1478 1498 1500
2155 2159 2160 2162 2489 131 132 2072 2069 2065 2084 2086 2087 2090 741 730 732 727 722 727 989 985 981 993 997 998 999 2809 2806 2804 2803 2952 59 1498 1502 1501
2158 2162 2162 2495 2481 2497 137 2082 2077 2076 2087 2092 2094 2097 732 727 724 721 718 721 998 994 989 994 998 999 2818 2813 2810 2806 2942 2937 2953 1502 1506 1509
2160 1852 1850 1841 2497 2499 2089 2087 2078 2080 2090 2093 2095 2096 728 723 722 720 714 718 998 995 994 998 999 1001 1006 2814 2810 2808 2942 2941 2943 1506 1511 1513
3 7
4825 3626 3606 2640 800 3896 3882
4822 4827 3617 793 786 4991 3894
873 1819 1807 4372 260 4987 5004
23 1
450
1708
1719
2504
2500
3525
3545
2981
2991
2472
2480
4639
4634
4620
4622
4627
4561
4550
4558
4481
4476
4477
4481
5 5
6 18 0 11 13
15 17 15 14 6
0 15 30 15 0
16 16 15 15 25
25 23 0 5 11
1 10
0 1 2 3 4 5 6 7 8 7
13 2
1930 1925
3757 4075
3743 3750
2946 2956
3867 3884
3878 3120
3119 3116
3115 3109
2135 3120
2147 4937
4953 4952
4954 4953
4959 4957
1 13
1138 2346 2343 3264 577 4261 4265 1391 1375 2830 1941 2978 3539
3 44
1857 1854 1852 1848 1844 1842 1841 1836 440 435 428 1056 1055 1035 1043 1045 1047 1048 1063 1065 1066 2878 2873 2874 2870 2890 2894 2897 1009 998 1002 1001 1007 1011 2587 2585 2581 1972 3738 3726 3731 3734 3738 3742
1858 1857 1854 1846 1846 1842 1838 1835 437 432 418 424 2942 1040 1045 1048 1049 1054 1059 1060 1064 2876 2872 2870 2866 2885 2890 2891 1007 991 998 1000 1003 1008 2598 2597 2594 1992 1994 3739 3733 3737 3739 3740
1854 1851 1848 1844 1839 1835 1831 1827 1845 436 428 2633 2623 2628 1048 1049 1052 1055 1060 1065 1067 2871 2868 2866 2862 2881 2884 2886 993 992 994 1004 1005 1010 2601 4385 4382 4376 4394 4397 3735 3739 3742 3747
1 9
630 1495 4170 3450 2042 2044 2044 1942 2146
10 8
229 224 1193 1201 1197 1192 1193 1195
222 219 1189 1187 1183 1176 1183 1185
220 218 216 212 204 1183 1188 1191
3414 204 212 211 203 207 1192 215
3411 202 198 196 202 207 211 214
3410 3404 200 199 204 206 209 211
3409 3393 3410 4066 4063 4068 212 214
3414 3412 4061 4059 4061 4065 4068 3090
3419 3417 4071 4068 4069 3082 3087 3088
3423 3427 4074 4070 3074 3063 3067 3092
1 97
4386 4382 4379 4374 4369 4368 4365 4359 3376 3374 1689 1694 1697 1699 1702 1706 1707 1710 1711 1716 1718 1719 1722 1727 1729 1731 1735 1737 1742 1744 1746 1748 2738 2737 2732 2731 2729 2726 2724 2719 2717 2716 2712 2707 2706 2686 2700 1533 1535 1539 1544 1545 1316 1313 1302 1322 1326 1329 1330 1335 1789 1787 1772 1783 4463 4459 4448 4466 4467 4941 4939 4922 4925 1027 1035 1037 1041 1042 1044 1045 1048 1050 1052 1053 1057 1060 1064 1069 1071 1076 1078 1081 1085 1086 1091 1094 1095
21 11
4237 4232 4230 4227 4225 4223 4225 4227 4221 4222 4225
1891 4230 4228 4223 4222 4221 4220 4221 4218 4219 4224
1888 4229 4226 4224 4222 4219 4215 4209 4215 4213 4220
1886 1888 4227 4227 4221 4216 4211 4199 4210 4212 4216
1881 1876 1883 4225 4223 4219 4213 4202 4212 4216 4221
1878 1865 1882 1884 4227 4208 4205 4204 4214 4227 4223
1879 1883 1885 1887 4222 4213 4209 4205 4226 4227 4228
1881 1885 1887 4223 4220 4218 4214 4218 4222 4225 4227
1884 1888 1893 1897 4222 4221 4215 4219 4224 4228 4233
1889 1890 1892 1895 1252 1245 4220 4225 4226 4233 1242
1891 1894 1895 1900 1248 1243 1239 1240 1241 1235 1237
1896 1898 1897 1247 1245 1241 1237 1235 1228 1231 1235
1900 1905 1245 1240 1234 1233 1233 1231 1224 1227 1236
1675 1245 1243 1238 1233 1231 1228 1226 1223 1226 1231
1674 1679 1246 1242 1237 1234 1233 1221 1220 1223 1226
1672 1667 1250 1657 1656 1217 1215 1214 1211 1216 1219
1670 1665 1664 1659 1655 1656 1236 1231 1228 1230 1224
1664 1663 1662 1658 1653 1654 1237 1233 1229 1233 1238
1672 1667 1653 1653 1652 1654 1660 1236 1231 1235 1242
1653 1653 1650 1640 1648 1653 1656 1657 1232 1237 1238
1651 1648 1647 1644 1647 1651 1653 1661 1234 1239 1242
1 13
4201 4197 4194 4191 4188 4183 4179 4177 4173 4155 4164 4167 4168
2 13
8 8 8 8 8 8 8 8 8 8 8 8 8
8 8 8 8 8 8 8 8 8 8 8 8 8
27 2
851 848
849 844
844 842
846 828
851 831
856 834
839 837
840 841
841 844
844 849
848 850
849 854
854 858
859 862
862 867
867 870
875 873
878 877
881 883
882 885
884 885
887 891
891 895
895 897
896 901
898 899
903 904
23 8
1006 993 1008 1847 1858 361 362 364
4784 1011 1015 3541 360 358 361 366
4795 1588 3545 3538 3539 339 357 368
3304 1586 1599 3543 4937 347 361 364
3295 3299 4939 4926 4935 4938 3759 3760
3307 3312 4943 4936 4938 3752 3754 3759
3309 3316 582 582 3741 3736 3749 3751
4143 586 576 577 582 3739 3740 3742
4142 4126 585 578 2084 3740 2109 2109
4149 4144 4146 2095 2081 2100 2104 2105
3235 4147 4148 4152 2082 2105 2106 2110
3224 3409 3413 3414 3419 1113 2110 1113
3393 3389 3408 3413 3417 1108 1099 1112
3411 3409 3413 3777 1108 1105 1098 1110
1965 3786 3785 3767 3776 1109 1101 1111
1964 1970 3184 3171 3173 2667 2659 2668
1979 1980 3187 3184 3288 2678 2675 2670
1982 1984 3190 3289 3274 3278 2676 2671
1877 1890 3195 3283 3280 3282 2681 2682
1869 1885 3289 3286 3283 3284 295 2686
1876 1878 1880 4528 3288 290 284 300
1881 1884 4527 4509 4521 1675 303 308
1883 1889 4516 4514 1683 1672 1674 1678
4 3
1896 4387 4269
1898 4403 4275
3153 3149 3154
3148 3146 3136
7 12
1469 1477 4243 4247 2209 772 789 794 3324 1188 1191 1196
1485 4242 4238 4237 2201 2209 989 3325 3322 1186 1181 1197
1489 1491 4241 4249 2211 991 978 996 3318 4912 4899 4906
1494 3492 3491 3479 3475 3480 992 3555 3304 3312 4919 287
3495 3492 3488 3485 3470 3477 287 288 272 279 283 286
3501 3497 902 890 3483 3487 284 282 278 283 288 287
3504 3500 905 904 3484 3489 288 284 279 283 287 290
1 67
3470 3467 3464 3456 3476 2546 2526 2527 2532 2535 2539 2542 2545 2550 2555 2560 2563 4123 4120 4119 4114 4113 4109 4101 4121 3385 3374 1599 1617 1620 2909 2904 2903 2889 1637 4590 4596 4597 4845 4827 2220 2215 2067 2081 2086 2088 2093 2094 2095 2096 2100 2104 2108 2113 2117 2144 2142 2141 2136 2133 2132 2128 2125 2121 2116 2103 2403
6 19
2761 2759 2756 2759 3278 3276 3038 3024 3035 3365 3363 3350 3357 3361 1508 1505 1500 1366 1369
2770 2772 2767 4178 1368 3283 3041 3039 3043 352 344 3355 3362 3363 3366 1495 1485 1357 1371
2767 2762 2761 1377 1358 1565 1570 1577 817 827 346 351 3363 3366 1255 3057 3050 1961 1979
2766 2762 2760 2764 1566 1561 1567 1562 812 826 829 4840 4842 1259 1240 1253 3067 1963 1981
2767 1554 2778 1578 1576 1575 1579 4817 818 819 4837 4835 4838 4369 4357 4365 4370 4375 1982
1553 1543 1547 1579 1580 1579 4819 4813 4827 4831 4858 4853 4855 4382 4377 4379 4382 4387 4389
10 1
342
468
2296
2297
530
519
4879
4880
309
249
12 7
2298 4740 4737 4742 2292 2297 2298
2295 2290 2276 2287 2288 2292 2294
2296 1722 287 1957 1960 2297 2299
1717 1711 1724 1947 1965 1014 2303
1729 1724 2941 2930 2937 1009 1013
314 2021 1149 1141 1148 1006 1009
302 2014 2324 2311 2325 1003 1007
303 4915 4901 2323 981 999 1002
648 643 4911 3239 3235 4601 4605
1410 2034 1243 1238 1223 4596 4600
1408 2022 2038 1231 1228 283 281
1422 2030 2032 303 299 298 297
1 3
983 987 1292
8 11
2748 4771 4768 987 984 987 2134 2129 2125 2124 2134
2735 4766 4757 4772 974 993 996 2128 2125 2122 2119
2746 4770 4768 4773 989 994 100 95 2129 2127 2129
2750 4773 4773 4774 994 97 89 94 98 1345 1344
2753 3123 4775 4780 105 100 105 99 104 1347 1343
3124 3120 3124 3126 106 102 103 100 1358 1353 1338
3129 3111 859 1214 1203 103 1206 1208 1360 1355 1345
3132 870 851 1195 1198 1200 1204 1205 1361 1359 1348
63 3
1836 1837 1840
1831 1833 1834
1830 1827 1831
1825 1824 1828
1826 1822 1825
1826 1821 1824
1816 1817 1820
1814 1812 1811
1816 1810 1808
1812 1808 1804
1811 1806 1803
1804 1803 1800
1796 1800 1797
1794 1796 1793
1793 1792 1788
1789 1788 1786
1777 1781 1784
1773 1776 1779
1771 1775 1770
1768 1764 1766
1764 1762 1763
1760 1759 1762
1758 1756 1758
1752 1755 1757
1749 1753 1758
1744 1747 1753
1742 1743 1748
1737 1740 1743
1736 1737 1740
1734 1729 1731
1731 1726 1729
1728 1723 1727
1722 1720 1721
1720 1717 1719
1715 1714 1715
1710 1713 1711
1697 1699 1709
1699 1701 1705
1702 1704 1707
1715 1713 1712
3551 1717 1713
3550 3555 1718
3539 3547 1855
1828 1845 1850
1838 1847 1852
1840 1848 1853
1845 1850 1851
1848 1855 1858
1849 1858 1860
1851 1862 1612
1600 1608 1608
1599 1604 1603
1597 1599 1598
1593 1591 1594
1589 1589 1593
1585 1584 1587
1582 1581 1582
1579 1576 1578
1576 1575 1578
1583 1565 1581
1569 1568 1570
1573 1570 1574
1578 1573 1578
2 19
2445 1442 1429 4343 4349 4351 4327 4323 4305 4312 1241 1242 428 424 3706 4132 3598 3597 4761
2462 1445 1436 4354 4353 4353 1235 1234 1215 1235 1239 1241 426 414 4123 4118 4123 3578 4216
2 1
434
4220
2 6
3690 1874 1859 3112 4381 4376
966 4328 4558 2645 1236 2609
5 21
4529 4530 4532 1428 2924 3085 791 787 768 775 868 4007 4005 3992 3996 4003 4005 4215 4219 4224 3011
4544 3757 1422 1411 2919 3077 3082 776 772 872 859 874 2578 3999 4001 4002 4003 4210 4213 3007 3007
3755 3754 3758 1413 1329 3089 1220 572 571 876 869 875 2592 4002 4004 4204 4205 4206 3007 3003 3005
1831 3750 3764 1328 1320 1213 1218 568 555 558 560 3110 3106 3104 4202 4190 4205 532 3006 2989 2991
1815 1819 1334 1331 1340 1225 1588 1569 573 562 3110 3106 3105 3102 3101 4191 514 531 3003 3001 2996
8 4
2758 2753 2750 3376
4451 653 4973 3384
4449 646 4969 4986
4432 4436 4979 4991
4438 2818 2670 2673
4440 2826 2687 110
3424 3413 4887 92
4532 4528 4886 4894
5 7
3357 3337 4312 4330 1264 3472 3452
3362 3341 4324 4801 1245 1261 3455
4828 4827 4823 4820 1342 1265 1333
4832 4829 4388 1342 1323 1324 1329
4400 4397 4380 1261 1260 1277 1331
19 3
4087 4076 4089
4086 4084 4089
1416 1419 1422
1413 1416 1429
1412 1408 1427
1416 1409 1412
704 714 713
696 710 711
704 1075 1077
1080 1074 1086
1092 1087 1088
1095 1092 1089
1098 1093 1094
1099 1097 1098
1100 1104 1099
1104 1108 1103
1107 1108 1110
1109 1112 1113
1111 1115 1119
2 41
1171 1159 1179 3344 3340 3343 2089 779 793 798 800 1972 1968 1952 2168 2167 2177 4863 4844 1129 1135 3277 3266 3269 2411 3782 3798 1376 1373 1582 1575 1591 1645 1630 1337 1347 4823 4821 513 3034 3037
1174 1162 1165 3341 3339 3333 2074 776 789 794 797 1966 1963 1946 1950 2187 3428 3427 4854 1146 1138 3275 3270 2414 2399 639 642 1371 1361 1378 1588 1791 1804 1636 1352 4828 4827 4815 497 3018 3021
15 8
1761 1760 1758 1764 1763 316 312 318
1769 1768 1751 1760 1761 321 316 319
1772 1774 1770 1764 711 708 320 323
1774 1405 1771 199 719 707 715 716
1392 1403 200 189 714 706 710 712
1391 1390 1408 199 728 723 712 714
1395 1399 1411 1414 728 725 2577 1162
2999 2987 1415 2984 729 2569 2568 1143
2995 2986 2988 2979 1430 2589 2587 1145
2990 2985 2984 2973 1426 1427 2588 1149
2991 2990 2987 1416 1414 1419 2592 2596
2992 2992 2991 1420 1431 1459 1460 1461
3754 3745 2996 1466 1447 1458 1459 1463
3734 3744 3749 1464 1445 1453 1454 1457
3748 3751 1465 1461 1460 1465 1455 1460
20 1
2416
1739
1742
1750
2607
2715
2695
1464
1297
1309
419
3489
589
2083
3039
3049
1238
1026
1011
3948
2 4
3650 3651 2462 2473
3660 4328 2480 2478
2 9
1219 4086 4118 4106 3480 3471 4260 33 43
1218 4083 4079 4119 3485 3480 36 20 40
3 3
9 6 3
5 9 6
3 5 9
35 9
2466 2456 2451 1122 1126 2852 2854 2843 2839
2463 2452 2449 1117 1133 2850 2849 2832 2836
2461 2459 2439 4176 4177 2855 2853 2845 2849
2462 2462 2441 4188 4189 2856 2858 2848 3172
2466 1357 1366 1363 1365 2857 3174 3172 3170
1356 1355 1351 1358 1362 1366 1373 3160 3151
1353 1352 1347 1346 1362 1364 1368 3166 3162
3472 3467 3463 1353 1367 1366 1368 3169 3165
3477 3462 3454 3456 3814 3817 3820 3824 3166
3470 3469 3460 3815 3810 3815 3823 3828 3832
3467 3465 3462 3806 3796 3806 3824 3828 3833
3475 3455 3457 3458 3798 3515 3520 3524 3525
4964 4956 4971 3503 3508 3512 3515 3520 3523
4968 4959 3487 3498 2743 2745 3517 1043 1052
4973 3500 3496 2744 2728 2747 1044 1042 1032
4978 3501 3498 3503 2733 2735 1059 1055 1050
791 787 3499 3503 2734 2735 2740 1057 1052
788 783 781 767 2737 2740 1063 1059 1054
784 782 780 761 776 777 1066 1063 1058
789 784 782 776 777 2391 2393 1065 2383
787 785 784 789 794 2390 2388 2386 2381
792 789 786 787 788 2386 2385 2382 2380
796 791 789 792 795 800 2385 2373 2363
801 796 791 796 796 2389 2384 2381 2376
4126 4125 796 800 3388 3391 2389 2786 2773
4133 4124 4124 3391 3387 4939 2782 2777 2774
4131 4119 4120 4123 3386 4937 4939 2780 2775
4128 4117 4134 3379 3384 4936 1187 1184 1187
4130 4121 3376 3371 3377 4935 1183 1179 1184
4132 4123 3381 3376 4945 4928 4937 1178 1165
4135 2180 3386 3391 888 4938 1167 1160 1163
2182 2178 2180 890 887 884 872 1175 1165
2177 2174 2175 889 886 881 869 875 876
2177 2172 2180 891 886 883 880 879 881
2179 2159 2179 2182 2183 886 888 884 889
2 26
4921 4907 4910 4910 1139 1135 1137 2498 794 1292 3779 3792 3795 2992 2986 2998 3001 3006 3008 520 515 510 509 346 333 347
4919 4901 4908 4909 1135 1130 1125 2495 780 2923 1582 1586 2221 2220 2219 2235 3004 3009 515 513 508 505 503 507 347 350
28 5
175 170 166 165 169
172 167 169 161 164
170 166 165 158 162
3442 3434 3433 171 175
3437 3435 3428 3436 3437
3439 3440 3448 3438 3440
3441 3443 3451 3440 3445
3449 3446 3450 3445 3462
3454 3450 3455 3456 3459
3458 3455 3459 3462 3464
3465 3460 3464 3466 3467
3468 3464 3468 3470 3472
3469 3469 3470 3473 3474
3475 3473 3478 3482 3484
3481 3476 3481 3485 3488
3482 3478 3479 3486 3493
3487 3479 3481 3487 3498
3492 3495 3498 3489 3501
3493 3496 3497 3500 3502
3495 3499 3499 3504 3506
3508 3504 3503 3505 3506
3513 3508 3506 3507 3510
3517 3513 3516 3518 3521
3522 3517 3520 3523 3523
3525 3521 3526 3530 3526
3526 3524 3528 3533 3529
3534 3529 3530 3536 3533
3538 3532 3537 3541 3534
5 13
435 447 2058 2056 1887 788 792 2555 2551 2562 2892 2897 2896
444 448 2063 2065 3290 793 794 2559 2557 2891 2887 2890 2892
447 1593 3199 3291 3279 3289 3290 954 2562 2873 2886 2888 2891
1581 1574 3196 4132 3282 2446 2459 945 951 2869 2882 2887 2892
3195 3190 3186 3199 3201 2448 2450 947 1363 1376 2884 2892 2893
1 4
4266 364 1850 311
15 3
3699 3696 3698
3689 3677 3696
2273 2972 995
2271 2957 982
3737 2959 990
3738 2933 801
2940 2925 1603
2120 1603 1587
2116 2117 1595
2113 2112 2116
3224 2109 2121
3206 3208 2123
3218 3212 2128
3222 3223 3226
3227 3231 3227
9 4
3124 3122 3120 3118
3127 3123 3121 3130
3128 3124 1640 836
3133 1653 1638 832
1615 1130 1644 846
1614 4646 4665 1056
1616 3919 3104 3111
2407 2403 1226 1245
2405 2404 1243 4526
53 1
512
499
507
512
517
518
241
237
235
233
228
214
229
233
237
240
1488
1469
3399
427
207
2922
2938
2939
2944
2949
2953
2958
1005
1004
1006
39
36
26
32
35
40
44
49
51
2327
2323
2321
2317
2323
2326
3369
3365
3361
3358
3367
3369
3372
59 2
1606 1603
1595 1598
1590 1596
1597 1599
1598 1370
1363 1359
1367 1362
1371 2725
2726 2723
2716 2722
2713 2718
2711 2713
2706 2708
2697 2717
4694 4702
3381 3391
2467 3393
2447 2466
2452 2454
2454 2459
4896 1254
4892 1253
4891 1250
4875 4877
4894 4899
3398 3402
3378 3386
3397 3387
3400 3854
3854 3853
3859 3842
3864 3850
3866 3855
192 3857
188 194
187 189
185 191
180 188
198 193
199 194
1331 1338
1330 1334
1325 1330
1322 1326
1321 1324
1305 1312
1320 4885
4875 4866
4880 4879
1360 1357
1354 1345
2072 2070
2076 2079
2081 2083
3868 3254
3849 3251
3862 1846
3865 1850
1856 1853
2 49
945 1281 563 237 241 2563 2561 2557 2542 580 589 592 594 2181 2173 2173 2154 1590 3493 3492 3489 3492 4098 4097 4112 4115 4119 4849 4844 2591 2571 990 3884 3879 3898 1752 1745 1760 3998 3989 3990 203 2361 2362 2363 1635 1630 1618 1636
959 146 229 222 227 2560 2556 2555 2552 599 600 594 2178 2177 2172 2168 2149 1579 1599 3497 3480 3482 4107 4102 4106 4110 4115 4846 4832 4835 2584 686 693 3889 3903 3908 1762 2356 2352 3997 2373 2372 2356 2361 2362 2365 1632 1625 1637
2 7
1936 4819 2940 2251 2591 3302 1968
1917 872 2932 2180 1634 2459 2450
47 2
3114 3118
3101 3117
3110 831
825 826
841 2668
636 633
3534 1660
3514 3515
3533 3519
3538 1010
1010 1007
1014 994
242 1009
251 159
171 167
490 169
482 501
496 499
499 503
1171 2492
1161 2472
3359 3362
3366 3530
3514 3529
4441 3530
4434 4442
4439 1190
1196 1189
1198 1193
597 1194
593 598
579 599
588 602
995 605
991 3835
989 3834
1009 3850
3254 3256
3250 3249
3255 3259
3257 3264
3259 3260
3260 3264
4016 4036
4012 4034
4009 4029
4011 4031
2 6
2300 306 2006 1848 3108 3103
305 301 2004 1830 1849 3092
3 46
3027 4280 4277 4260 2128 2120 2129 2936 2929 2937 2939 2942 2946 2948 1194 1192 1189 1188 1186 1182 3324 3319 3327 255 1771 1766 1765 1756 1769 2082 2071 2081 2085 2590 2586 2581 2595 512 507 510 512 513 516 5001 2776 2763
3019 3021 429 931 941 2123 3509 3505 2935 2941 3521 2946 2949 1104 1102 1098 1177 1176 1168 1180 1182 3325 253 235 255 1770 1770 1776 1770 2079 2075 2078 2080 3107 3105 3089 3105 516 500 507 516 516 5001 4996 4998 1705
3037 430 425 429 431 2127 3508 3503 3513 3515 3518 3523 3526 1098 1097 1095 1093 1088 1083 1094 1184 1189 239 237 241 242 244 1777 1782 2079 2078 2082 2085 2572 2556 3101 3107 521 506 511 516 5001 4998 4988 1707 1693
1 1
9
6 13
2709 2706 2705 2703 2697 2692 2695 1589 1590 1595 1596 1609 1612
58 63 2704 2702 2694 2690 2691 1584 1588 1599 1604 1605 1608
57 58 2700 2697 2693 2684 2699 1579 1583 1588 1605 1609 1610
39 58 60 2698 2694 2694 1576 1577 1581 1582 1597 1602 1602
17 18 22 1591 1590 1585 1583 888 1585 1590 1594 1598 1598
10 15 20 1593 1592 1588 873 868 880 1595 1595 1596 1597
2 3
7 6 7
7 6 7
1 42
3019 3017 3012 3008 3003 3002 2987 3005 3009 4027 4010 4023 4028 4492 4491 4487 4486 4481 4480 4468 4484 90 4785 4775 4792 2469 2467 2461 2465 2466 2471 2476 2481 2484 2488 3924 3919 3914 3909 3905 3896 3909
2 16
2037 2027 1316 3805 3611 3631 2946 2945 2961 1010 520 524 2521 2520 2509 3742
4318 4315 974 978 2346 327 318 2962 4414 4395 519 520 525 2522 2526 3759
2 31
121 122 2848 2847 2843 2841 2831 2323 4736 4724 4738 2096 2080 2085 2086 2114 1401 1397 1396 1378 1392 2109 2094 2097 3271 4593 4594 4596 4598 5008 2544
116 119 123 2848 2848 4218 4216 2306 2563 2550 3592 3602 2099 2103 2107 2109 2114 3475 3468 1394 1399 2111 2105 3281 3262 3268 4599 4601 5007 4993 4995
29 3
2501 2497 2493
2503 2493 2491
2495 2490 2488
2190 2187 2182
2664 2177 2175
2661 2192 2189
2650 2660 1360
2657 1372 1353
4650 4653 1371
4633 4651 4652
1688 1704 1121
1702 1134 1118
3872 173 164
776 1017 180
773 793 798
779 781 802
780 781 804
4641 4646 4647
4630 4631 4651
4639 4641 4646
4643 4644 3012
3320 1673 3006
3303 1662 3303
3307 2866 3322
2859 2847 2856
2092 2851 2858
2077 2089 4683
910 4685 4680
908 914 4671
1 16
557 572 4888 4679 4671 3988 3222 3629 3641 1154 1019 1014 55 882 2476 2485
71 1
4289
4285
4280
4266
4282
4283
4288
4291
4292
4294
4295
4299
4300
4304
4308
4311
4314
656
652
648
644
642
638
636
632
627
622
619
618
616
613
608
603
601
600
589
600
601
604
609
614
617
619
622
624
626
630
635
640
641
646
648
650
655
656
659
663
664
668
673
676
679
680
682
684
689
694
696
700
703
707
30 4
693 698 682 689
673 678 680 685
1603 1608 683 688
1607 1610 687 689
2501 1611 1612 690
2500 2501 2503 2514
2498 2502 2504 2509
2496 2500 2505 2507
2514 2505 2506 2509
3361 3357 3353 3357
3357 3355 3350 3355
3360 3351 3335 3355
3362 3364 3337 3358
3363 3369 3339 3362
3368 2419 2421 4649
2422 2407 2418 4644
2427 2425 4638 4642
2430 2427 4641 4488
3815 2430 4497 4487
3807 4491 4482 4486
3822 2381 4502 4824
2383 2380 2360 2375
3286 2384 2379 2377
3270 3281 3283 2379
2525 2521 2526 2530
2515 2519 2523 2526
2519 1996 1999 2007
2521 1997 2001 2006
2001 2000 2005 2011
2008 2005 2007 2010
37 1
4787
4799
1597
3697
3688
4130
4122
4128
3972
3968
3954
1672
1686
996
4980
4962
2454
2459
2461
3533
3524
697
2790
2808
2813
3741
3737
3735
3734
3720
3724
3728
3730
3731
3734
3739
3742
